[1] 1036134       9
[1] TRUE
[1] 1036134       6
start par. =  1 1 fn =  1213528 
At return
eval:  39 fn:      1212451.2 par:  1.21019  1.20099
(NM) 20: f = 1.21245e+06 at      1.21019      1.20099      0.31681  -0.00196131 -0.000502603  -0.00280703   0.00117252   0.00283944   0.00344467   0.00186889   0.00310388   0.00125017  0.000481167 -0.000723488  -0.00075086    0.0902836    -0.277221    -0.549575     0.717843      1.26224     -0.79018     -1.56116
(NM) 40: f = 1.21245e+06 at      1.20933      1.20187     0.315131  0.000776627   0.00223176 -7.65344e-05   0.00388582    0.0055475   0.00614548   0.00456574   0.00579413   0.00393819   0.00316457   0.00195931   0.00193042    0.0936191     -0.27698    -0.551601     0.718898      1.26337    -0.789206     -1.55985
(NM) 60: f = 1.21245e+06 at      1.20933      1.20187     0.315131  0.000776627   0.00223176 -7.65344e-05   0.00388582    0.0055475   0.00614548   0.00456574   0.00579413   0.00393819   0.00316457   0.00195931   0.00193042    0.0936191     -0.27698    -0.551601     0.718898      1.26337    -0.789206     -1.55985
(NM) 80: f = 1.21245e+06 at       1.209     1.20221    0.307095 -0.00021063  0.00441879 -0.00172933  0.00184069  0.00522322  0.00428115  0.00288819  0.00590035   0.0349635  0.00398966 -0.00268495  0.00388585   0.0909262    -0.27665   -0.552385    0.718005     1.26634   -0.790418    -1.56563
(NM) 100: f = 1.21245e+06 at    1.20885    1.20138   0.307102 0.00135888  0.0169044 0.00122829 0.00431219 0.00344405 0.00742903  0.0044976  0.0147201  0.0171842 -0.0104174 0.00474858 0.00884573  0.0967737  -0.276538  -0.554087    0.71902    1.26776  -0.789532   -1.56553
(NM) 120: f = 1.21245e+06 at     1.2067    1.20214   0.302522 0.00477203  0.0312298 0.00553539 0.00491261 0.00712293  0.0126543 0.00908408  0.0284195  0.0241409 0.00199034 0.00287326 0.00727803  0.0953373  -0.278964  -0.556658   0.718215    1.26966   -0.79169   -1.56705
(NM) 140: f = 1.21245e+06 at      1.2067     1.20285    0.304262    0.013399   0.0359203  0.00312282  0.00631738 0.000299719  0.00792416  0.00489838    0.032008   0.0327904  -0.0107086 0.000915515  0.00647649   0.0923677   -0.278044   -0.559484    0.720638     1.27726   -0.786597    -1.56879
(NM) 160: f = 1.21245e+06 at     1.20751     1.20113    0.297778  0.00960615   0.0387691  0.00623935   0.0066984  0.00915297    0.013327  0.00994889   0.0471447   0.0377833 -0.00670921   0.0105087   0.0147058   0.0996592    -0.27805   -0.561537    0.719478     1.27255   -0.790377    -1.57522
(NM) 180: f = 1.21244e+06 at    1.20821    1.20174   0.305416  0.0165978  0.0153524  0.0127392 0.00949482 0.00696386  0.0142579 0.00645677  0.0241415  0.0149672 3.9604e-05 0.00146651  0.0068746  0.0861533  -0.279376  -0.560072   0.721244    1.27124  -0.787774   -1.56559
(NM) 200: f = 1.21244e+06 at     1.2095    1.19993   0.305613  0.0187434   0.012052 0.00371161 0.00325225  0.0165939  0.0139709  0.0108546  0.0397007   0.013692  0.0114268  0.0144858  0.0141467   0.101189  -0.280598   -0.56129    0.72435    1.27808    -0.7892   -1.57227
(NM) 220: f = 1.21244e+06 at    1.20972    1.19956   0.300461  0.0174382 0.00408205  0.0150626  0.0160523   0.024444  0.0218519  0.0120954  0.0436261  0.0223376  0.0252566  0.0180293  0.0195203   0.106145  -0.282188  -0.564182   0.721575    1.27484  -0.790501   -1.57552
(NM) 240: f = 1.21244e+06 at    1.20972    1.19956   0.300461  0.0174382 0.00408205  0.0150626  0.0160523   0.024444  0.0218519  0.0120954  0.0436261  0.0223376  0.0252566  0.0180293  0.0195203   0.106145  -0.282188  -0.564182   0.721575    1.27484  -0.790501   -1.57552
(NM) 260: f = 1.21244e+06 at    1.20888    1.19998   0.295845  0.0202247 0.00969162  0.0137723  0.0143797  0.0197077  0.0186108 0.00409974   0.030164  0.0149472  0.0392227   0.011394 0.00749268   0.100999  -0.282539   -0.56295   0.720907    1.27853  -0.790077   -1.57693
(NM) 280: f = 1.21244e+06 at      1.2109     1.19821     0.30138    0.021346 1.24488e-05   0.0133063   0.0195159   0.0173139   0.0232555  0.00585075   0.0212232   0.0205066   0.0231877   0.0174279    0.016824    0.104843   -0.283047   -0.562737     0.72008     1.27946   -0.790897     -1.5775
(NM) 300: f = 1.21244e+06 at    1.21045    1.19904   0.298831  0.0238207 0.00287672 0.00706249  0.0137212   0.019032  0.0191314  0.0094188  0.0231213  0.0130062  0.0255176  0.0167962  0.0199744   0.106419  -0.282563  -0.562242   0.724514    1.27913  -0.791951   -1.57784
(NM) 320: f = 1.21244e+06 at    1.21015    1.19937   0.295833  0.0176692  0.0127388  0.0147975  0.0215209  0.0222989  0.0234524 0.00983859  0.0255428  0.0239351  0.0253685  0.0178037  0.0177162   0.102311  -0.283364   -0.56462   0.723628     1.2791  -0.791071   -1.57932
(NM) 340: f = 1.21244e+06 at    1.21062    1.19918   0.298198  0.0226194 0.00546562   0.017126  0.0192296    0.02333  0.0188144 0.00801152  0.0173869  0.0177321  0.0277789  0.0179828  0.0171152   0.105799  -0.283022  -0.562767   0.723229    1.27932  -0.793408    -1.5799
(NM) 360: f = 1.21244e+06 at    1.20967    1.20043   0.296107  0.0220238  0.0120268  0.0125119   0.019188  0.0186322  0.0231096 0.00965468  0.0213965  0.0312639  0.0200767  0.0141019  0.0185904    0.10029  -0.282884  -0.563316   0.724339    1.27921  -0.792464   -1.57968
(NM) 380: f = 1.21244e+06 at   1.21015   1.19961  0.295281 0.0205944 0.0174133 0.0114595 0.0182247 0.0193703 0.0227068 0.0109184 0.0235477 0.0223365 0.0197001 0.0184682 0.0186425  0.106814 -0.282774 -0.563346  0.725119   1.27953 -0.794158  -1.58214
(NM) 400: f = 1.21244e+06 at   1.21007   1.20011  0.298156 0.0201599 0.0155029 0.0115244 0.0158112 0.0200881 0.0198438 0.0140534 0.0203639 0.0186795 0.0235908 0.0189287 0.0183715  0.105654 -0.282779 -0.562717  0.726801   1.27975 -0.794449  -1.58115
(NM) 420: f = 1.21244e+06 at    1.2105   1.20052  0.297017 0.0195836 0.0149666 0.0090366 0.0168388 0.0241742 0.0194856 0.0158002 0.0202866 0.0232488 0.0269214 0.0195557 0.0197413   0.11206 -0.283301 -0.562853  0.730774   1.27809 -0.797412  -1.58574
(NM) 440: f = 1.21244e+06 at   1.21006   1.20055  0.296904 0.0199323 0.0218462 0.0105669 0.0145404 0.0225297 0.0198134  0.018015 0.0230468 0.0255796 0.0280954 0.0234295 0.0238772  0.112126 -0.283614 -0.563788  0.732105   1.27987 -0.798569  -1.58806
(NM) 460: f = 1.21244e+06 at     1.2103    1.20071   0.297766  0.0209253  0.0195554 0.00899745  0.0137325  0.0195954  0.0186536   0.016436   0.022588  0.0196181  0.0243255  0.0210965  0.0215785   0.111535  -0.283038  -0.562426   0.730777    1.27995  -0.798128   -1.58604
(NM) 480: f = 1.21244e+06 at   1.21017   1.20069  0.296333 0.0185951 0.0205915 0.0120409 0.0174983 0.0205318 0.0202262 0.0170591 0.0222906 0.0252098  0.025777 0.0217733 0.0221436  0.109253 -0.283438 -0.563464  0.730738   1.27936 -0.797653  -1.58617
(NM) 500: f = 1.21244e+06 at     1.2107    1.20031   0.298471  0.0198292  0.0208362 0.00949178  0.0152143  0.0206453  0.0202387  0.0177556  0.0251742  0.0219566  0.0235782  0.0226651  0.0228851     0.1098  -0.283651  -0.563381   0.731468    1.28098  -0.797894   -1.58689
(NM) 520: f = 1.21244e+06 at    1.21028    1.20086   0.297547  0.0176507  0.0211354 0.00962919  0.0147915  0.0208094  0.0183549  0.0178481  0.0247964  0.0258494  0.0246192  0.0221649  0.0223809    0.10847  -0.283097  -0.562977   0.730793    1.28057  -0.798385   -1.58728
(NM) 540: f = 1.21244e+06 at    1.21059    1.20059   0.297836  0.0175786  0.0204167 0.00899529  0.0128138  0.0199999  0.0194076  0.0172302  0.0224573  0.0218772  0.0239259   0.021607  0.0229258   0.107543  -0.283273  -0.562505    0.73186    1.28155  -0.798296   -1.58791
(NM) 560: f = 1.21244e+06 at   1.21071   1.20043   0.29778 0.0193343 0.0152344 0.0107874 0.0168662 0.0214473 0.0203915 0.0168448 0.0227519  0.024995 0.0243441 0.0223492 0.0244546  0.107835 -0.283726 -0.563117  0.731267   1.28196 -0.798522  -1.58749
(NM) 580: f = 1.21244e+06 at   1.21107    1.2004  0.297382 0.0174224 0.0202171 0.0107274 0.0142555 0.0185747 0.0207218 0.0184572 0.0253624 0.0220839 0.0255754 0.0248829  0.022779  0.107841 -0.283802 -0.562916  0.732248   1.28392 -0.800044  -1.59048
(NM) 600: f = 1.21244e+06 at    1.21099    1.20091   0.297612  0.0162951  0.0168347 0.00950702  0.0154995  0.0192531  0.0225423  0.0178586  0.0224685  0.0274119  0.0247385  0.0226438  0.0251794   0.105304  -0.283782   -0.56251   0.732343    1.28443  -0.800263   -1.59133
(NM) 620: f = 1.21244e+06 at   1.21111   1.20114  0.298212 0.0163066 0.0162277 0.0101836 0.0144519 0.0178804 0.0228443 0.0178256 0.0231277 0.0259896 0.0248278 0.0232338 0.0248728  0.107254 -0.284055 -0.562695  0.733107   1.28556 -0.800374  -1.59212
(NM) 640: f = 1.21244e+06 at     1.2114    1.20094   0.297845  0.0162301   0.017668 0.00981248  0.0152272  0.0188881  0.0235365  0.0184411  0.0239384  0.0254359  0.0239033   0.025015  0.0252912   0.108194  -0.284245  -0.562793   0.733501     1.2862  -0.800807   -1.59369
(NM) 660: f = 1.21244e+06 at   1.21119   1.20101  0.297442 0.0162033 0.0171985 0.0110787 0.0165037 0.0174215 0.0246267 0.0167645 0.0231846 0.0283765 0.0233589 0.0236575 0.0244033  0.103884 -0.284272 -0.562976  0.732935   1.28651  -0.80074   -1.5927
(NM) 680: f = 1.21244e+06 at   1.21125   1.20125  0.297861 0.0149451 0.0192034 0.0103358 0.0154478 0.0176653 0.0239065 0.0182981 0.0246733 0.0255929 0.0251641 0.0240645 0.0249117  0.106801 -0.284158 -0.562814  0.733634   1.28622 -0.801429  -1.59377
(NM) 700: f = 1.21244e+06 at   1.21093   1.20108  0.297566  0.016228 0.0199456 0.0117154  0.015753 0.0178862 0.0236771 0.0173213 0.0244755 0.0263201 0.0231853 0.0239418 0.0235953  0.106611 -0.283977 -0.563067  0.731933   1.28549 -0.800532   -1.5918
(NM) 720: f = 1.21244e+06 at   1.21103   1.20096  0.297875 0.0152256 0.0190589 0.0115356 0.0163205 0.0185926 0.0230243 0.0176464  0.025083 0.0267086 0.0233479  0.024443 0.0236788  0.106058 -0.283994  -0.56308  0.731639   1.28568 -0.800249  -1.59207
(NM) 740: f = 1.21244e+06 at   1.21118   1.20143  0.297908 0.0136118  0.019658 0.0115436  0.015605 0.0178446 0.0242662 0.0182604 0.0243246 0.0258912 0.0237472 0.0244174 0.0237264  0.106655    -0.284  -0.56268  0.732216   1.28661 -0.801732  -1.59375
(NM) 760: f = 1.21244e+06 at   1.21131   1.20136  0.298237 0.0126024 0.0189268 0.0133548 0.0163356 0.0195181 0.0238995 0.0187767 0.0264615 0.0246336 0.0239085 0.0260219 0.0231564  0.108385  -0.28417 -0.563003  0.731498   1.28698 -0.801795  -1.59388
(NM) 780: f = 1.21244e+06 at   1.21098   1.20121  0.298277 0.0131733 0.0209109 0.0128291 0.0159642 0.0202099 0.0208326 0.0191338 0.0264388 0.0249791 0.0236194 0.0254786 0.0223405  0.109084 -0.283896  -0.56295  0.731161   1.28619 -0.801639  -1.59295
(NM) 800: f = 1.21244e+06 at   1.21095   1.20178  0.299186 0.0107255 0.0188142  0.014976  0.017424 0.0215582 0.0224116 0.0180815 0.0258657 0.0240539  0.022341  0.025982 0.0211768  0.109123  -0.28387 -0.562824  0.729947   1.28659 -0.802087  -1.59338
(NM) 820: f = 1.21244e+06 at   1.21095   1.20178  0.299186 0.0107255 0.0188142  0.014976  0.017424 0.0215582 0.0224116 0.0180815 0.0258657 0.0240539  0.022341  0.025982 0.0211768  0.109123  -0.28387 -0.562824  0.729947   1.28659 -0.802087  -1.59338
(NM) 840: f = 1.21244e+06 at   1.21111   1.20151  0.298997 0.0103965 0.0190629 0.0149268 0.0175534 0.0225799 0.0202902 0.0198921 0.0249631 0.0233522 0.0246595 0.0255562 0.0228966   0.10883 -0.283945 -0.562798  0.730404   1.28627  -0.80267  -1.59342
(NM) 860: f = 1.21244e+06 at    1.2109   1.20163  0.298742 0.0110699 0.0198141 0.0140864  0.017158 0.0209426 0.0212279  0.018932 0.0255831 0.0234777 0.0225435 0.0258971  0.022234  0.109814 -0.283842  -0.56275  0.730989   1.28608 -0.802488  -1.59357
(NM) 880: f = 1.21244e+06 at   1.21099    1.2015  0.299312 0.0112696 0.0204032 0.0141182 0.0172562 0.0216432  0.021208 0.0191959  0.025436 0.0227317 0.0229277 0.0261816 0.0215571  0.110738 -0.283964 -0.562929   0.73105   1.28632 -0.802726  -1.59339
(NM) 900: f = 1.21244e+06 at   1.21096   1.20158  0.299341 0.0110865 0.0196587 0.0143857 0.0181979 0.0222647 0.0201061 0.0193829 0.0244033 0.0241752 0.0221342 0.0255518 0.0220738  0.110232 -0.283976  -0.56279  0.731122   1.28663 -0.803095  -1.59381
(NM) 920: f = 1.21244e+06 at   1.21091   1.20157  0.299577 0.0111837 0.0196647 0.0142125 0.0179267 0.0225094 0.0203013 0.0190529 0.0245106 0.0238581 0.0218663  0.025446 0.0220636  0.110557 -0.283991 -0.562749  0.731191   1.28672 -0.803181  -1.59399
(NM) 940: f = 1.21244e+06 at   1.21092   1.20157  0.299596 0.0110124  0.020733 0.0150858 0.0190746 0.0226193 0.0207198 0.0194159 0.0239551 0.0246138 0.0214732 0.0259229 0.0220253  0.111163 -0.284162 -0.562999   0.73112   1.28728  -0.80383  -1.59465
(NM) 960: f = 1.21244e+06 at   1.21083   1.20154  0.299496 0.0115552 0.0190837 0.0146368 0.0193181 0.0229342 0.0198599 0.0190178 0.0231749 0.0260421 0.0218791 0.0247191 0.0229303  0.109797 -0.284145 -0.562912  0.731292   1.28702 -0.803435  -1.59432
(NM) 980: f = 1.21244e+06 at   1.21084   1.20139  0.299435  0.012543 0.0203642 0.0139444  0.018599 0.0220076  0.020769 0.0186107  0.022931 0.0249744 0.0211702 0.0244869 0.0226481  0.109685 -0.284162 -0.562961  0.731565   1.28683 -0.803041  -1.59383
(NM) 1000: f = 1.21244e+06 at   1.21084   1.20139  0.299435  0.012543 0.0203642 0.0139444  0.018599 0.0220076  0.020769 0.0186107  0.022931 0.0249744 0.0211702 0.0244869 0.0226481  0.109685 -0.284162 -0.562961  0.731565   1.28683 -0.803041  -1.59383
(NM) 1020: f = 1.21244e+06 at   1.21082   1.20139  0.299845 0.0126852 0.0187576 0.0150433 0.0194842 0.0229482 0.0212659 0.0178578 0.0225041 0.0236372 0.0208431 0.0235551 0.0227418  0.109019 -0.284298 -0.562937  0.730736   1.28701 -0.803027  -1.59347
(NM) 1040: f = 1.21244e+06 at   1.21082   1.20139  0.299845 0.0126852 0.0187576 0.0150433 0.0194842 0.0229482 0.0212659 0.0178578 0.0225041 0.0236372 0.0208431 0.0235551 0.0227418  0.109019 -0.284298 -0.562937  0.730736   1.28701 -0.803027  -1.59347
(NM) 1060: f = 1.21244e+06 at   1.21073   1.20138  0.299717 0.0122642 0.0192836  0.014323 0.0195409 0.0230047 0.0202015 0.0179341 0.0224082 0.0237213 0.0202632 0.0236818 0.0226424  0.109628  -0.28414 -0.562804  0.731099   1.28667 -0.803137  -1.59357
(NM) 1080: f = 1.21244e+06 at   1.21077   1.20124  0.299663 0.0129717 0.0196845 0.0143731 0.0192463 0.0228947 0.0211253 0.0175738 0.0224462 0.0230474 0.0198369 0.0230026 0.0224258  0.108799 -0.284216  -0.56286  0.730813   1.28661 -0.802719  -1.59323
(NM) 1100: f = 1.21244e+06 at   1.21077   1.20124  0.299663 0.0129717 0.0196845 0.0143731 0.0192463 0.0228947 0.0211253 0.0175738 0.0224462 0.0230474 0.0198369 0.0230026 0.0224258  0.108799 -0.284216  -0.56286  0.730813   1.28661 -0.802719  -1.59323
(NM) 1120: f = 1.21244e+06 at    1.2107   1.20124  0.299786 0.0127079 0.0190913 0.0147822 0.0195993 0.0240935 0.0204551 0.0177788 0.0226133 0.0231092 0.0201396 0.0229506 0.0222745  0.109013 -0.284241 -0.562893   0.73058   1.28647  -0.80276  -1.59329
(NM) 1140: f = 1.21244e+06 at   1.21064   1.20134  0.299692 0.0129058 0.0201638  0.014847 0.0189349 0.0241524 0.0206042 0.0180928 0.0230467 0.0225603 0.0198554    0.0228 0.0217513  0.109848   -0.2842 -0.562861  0.730688   1.28627 -0.803014  -1.59338
(NM) 1160: f = 1.21244e+06 at   1.21064   1.20119   0.29951 0.0140523 0.0199544  0.014416 0.0185276 0.0238669  0.021485 0.0176131 0.0224435 0.0226513 0.0200369  0.022057 0.0221348  0.109025 -0.284343 -0.562946     0.731   1.28639 -0.802597  -1.59334
(NM) 1180: f = 1.21244e+06 at   1.21065    1.2013  0.299614 0.0136419 0.0201813 0.0146318 0.0180798 0.0237877 0.0215805 0.0178518 0.0234684 0.0225008 0.0200982 0.0220223 0.0216377  0.108707 -0.284379 -0.562873  0.731146   1.28674 -0.802914   -1.5938
(NM) 1200: f = 1.21244e+06 at    1.2105   1.20121   0.29962 0.0135162 0.0201452 0.0146421 0.0178958 0.0252466 0.0203432 0.0183159 0.0240413 0.0227495 0.0206547 0.0220413 0.0211681  0.109673 -0.284221  -0.56295  0.730732   1.28576  -0.80248   -1.5932
