 year | team_key | mlb |  n  
------+----------+-----+-----
 2008 | SDP      |  16 |  46
 1990 | NYY      |  16 |  74
 1988 | NYY      |  15 |  72
 1982 | NYM      |  14 |  29
 2005 | DET      |  14 |  49
 1990 | NYM      |  14 |  52
 2008 | BOS      |  14 |  52
 1987 | TEX      |  14 |  53
 1989 | CLE      |  14 |  54
 1993 | MIN      |  14 |  64
 2001 | CHC      |  13 |  50
 2004 | COL      |  13 |  50
 2005 | LAD      |  13 |  51
 2008 | CHC      |  13 |  51
 2002 | OAK      |  13 |  51
 1992 | PIT      |  13 |  52
 2007 | STL      |  13 |  52
 2008 | PHI      |  13 |  53
 2007 | TEX      |  13 |  54
 2006 | BOS      |  13 |  54
 2009 | ARI      |  13 |  55
 1996 | KCR      |  13 |  56
 1996 | SEA      |  13 |  62
 1987 | TOR      |  13 |  71
 1994 | LAD      |  13 |  77
 1994 | HOU      |  13 | 100
 1986 | NYY      |  12 |  29
 2007 | SDP      |  12 |  42
 2003 | STL      |  12 |  47
 1998 | COL      |  12 |  49
 2008 | TEX      |  12 |  50
 2008 | WSN      |  12 |  50
 2003 | TBD      |  12 |  50
 2002 | CHW      |  12 |  50
 2010 | FLA      |  12 |  50
 2003 | LAD      |  12 |  50
 2010 | CLE      |  12 |  50
 2001 | TBD      |  12 |  50
 2011 | NYM      |  12 |  51
 2007 | SFG      |  12 |  52
 2001 | ANA      |  12 |  52
 2009 | TOR      |  12 |  52
 2005 | BOS      |  12 |  53
 2006 | STL      |  12 |  53
 2000 | ATL      |  12 |  55
 1991 | TOR      |  12 |  61
 1990 | ATL      |  12 |  67
 1988 | TOR      |  12 |  73
 1987 | KCR      |  12 |  74
 1966 | CHW      |  11 |  41
 1986 | TOR      |  11 |  44
 2004 | OAK      |  11 |  44
 1972 | TEX      |  11 |  44
 2008 | LAD      |  11 |  45
 1982 | NYY      |  11 |  47
 2000 | TBD      |  11 |  47
 1989 | BAL      |  11 |  47
 2000 | WSN      |  11 |  49
 2006 | NYY      |  11 |  50
 1992 | STL      |  11 |  50
 2009 | CLE      |  11 |  50
 2005 | ANA      |  11 |  51
 2008 | NYY      |  11 |  51
 1987 | WSN      |  11 |  51
 2002 | COL      |  11 |  51
 2007 | ARI      |  11 |  52
 1990 | ANA      |  11 |  53
 2007 | CIN      |  11 |  53
 2003 | ATL      |  11 |  53
 1999 | CHW      |  11 |  54
 1999 | KCR      |  11 |  54
 1990 | OAK      |  11 |  54
 1990 | MIN      |  11 |  57
 1997 | NYM      |  11 |  58
 1990 | CHW      |  11 |  58
 1988 | LAD      |  11 |  61
 1987 | NYM      |  11 |  61
 1994 | STL      |  11 |  63
 1993 | DET      |  11 |  65
 1991 | STL      |  11 |  71
 1965 | HOU      |  11 |  73
 1994 | NYM      |  11 |  79
 1995 | FLA      |  11 |  86
 1997 | TBD      |  11 |  92
 1990 | HOU      |  11 | 100
 1978 | SDP      |  10 |  26
 1986 | PIT      |  10 |  34
 1986 | CIN      |  10 |  38
 1981 | NYY      |  10 |  39
 1983 | NYM      |  10 |  39
 1986 | CLE      |  10 |  40
 1995 | CIN      |  10 |  43
 1996 | BAL      |  10 |  46
 1988 | ANA      |  10 |  46
 1965 | OAK      |  10 |  48
 1987 | MIL      |  10 |  48
 1998 | CIN      |  10 |  48
 2000 | ARI      |  10 |  49
 2001 | PIT      |  10 |  49
 2001 | ARI      |  10 |  50
 1992 | ATL      |  10 |  50
 1992 | COL      |  10 |  50
 2002 | MIN      |  10 |  50
 2008 | ANA      |  10 |  50
 1992 | SEA      |  10 |  50
 2010 | NYY      |  10 |  50
 1992 | DET      |  10 |  50
 1993 | BOS      |  10 |  50
 1992 | BAL      |  10 |  50
 2000 | SFG      |  10 |  50
 2000 | CHC      |  10 |  51
 2006 | MIN      |  10 |  51
 1987 | LAD      |  10 |  51
 1965 | NYM      |  10 |  51
 2008 | STL      |  10 |  51
 2003 | SFG      |  10 |  52
 2005 | ATL      |  10 |  52
 2009 | SEA      |  10 |  52
 2006 | ARI      |  10 |  52
 1999 | TEX      |  10 |  53
 1990 | SDP      |  10 |  53
 2010 | TEX      |  10 |  53
 2001 | NYY      |  10 |  53
 1994 | PHI      |  10 |  53
 2006 | CLE      |  10 |  53
 1999 | BAL      |  10 |  53
 2011 | SDP      |  10 |  53
 1991 | CHW      |  10 |  54
 1987 | SEA      |  10 |  55
 1990 | TOR      |  10 |  56
 2010 | TOR      |  10 |  56
 1996 | CLE      |  10 |  58
 1991 | SDP      |  10 |  58
 1991 | OAK      |  10 |  58
 1989 | MIN      |  10 |  59
 1995 | DET      |  10 |  59
 1989 | NYY      |  10 |  60
 1990 | STL      |  10 |  61
 1991 | KCR      |  10 |  62
 1996 | ARI      |  10 |  62
 1991 | SEA      |  10 |  67
 1997 | NYY      |  10 |  69
 1994 | KCR      |  10 |  71
 1978 | NYY      |   9 |  25
 1981 | CLE      |   9 |  25
 1976 | DET      |   9 |  29
 1965 | CHC      |   9 |  30
 1986 | TEX      |   9 |  30
 1982 | TOR      |   9 |  32
 1982 | DET      |   9 |  33
 1974 | TEX      |   9 |  36
 1974 | ANA      |   9 |  37
 1980 | MIN      |   9 |  38
 1970 | ANA      |   9 |  39
 1990 | SFG      |   9 |  39
 1966 | SFG      |   9 |  40
 2012 | HOU      |   9 |  41
 2001 | OAK      |   9 |  41
 1980 | SFG      |   9 |  41
 1997 | TEX      |   9 |  42
 2012 | BOS      |   9 |  42
 1977 | STL      |   9 |  42
 1987 | MIN      |   9 |  42
 1997 | BAL      |   9 |  43
 1998 | SDP      |   9 |  43
 1986 | NYM      |   9 |  43
 1965 | DET      |   9 |  45
 1994 | ANA      |   9 |  45
 1990 | BAL      |   9 |  45
 1996 | BOS      |   9 |  45
 1996 | WSN      |   9 |  46
 1969 | MIL      |   9 |  46
 1997 | STL      |   9 |  46
 1998 | STL      |   9 |  47
 1995 | TEX      |   9 |  47
 2007 | BOS      |   9 |  47
 1997 | BOS      |   9 |  47
 2006 | SDP      |   9 |  47
 1998 | BOS      |   9 |  47
 2008 | CHW      |   9 |  49
 1993 | CHW      |   9 |  49
 1998 | ATL      |   9 |  49
 2005 | MIL      |   9 |  49
 2005 | CHW      |   9 |  49
 2003 | CHC      |   9 |  49
 2003 | PIT      |   9 |  50
 1993 | OAK      |   9 |  50
 2008 | OAK      |   9 |  50
 2002 | TBD      |   9 |  50
 2003 | WSN      |   9 |  50
 2008 | BAL      |   9 |  50
 2006 | CIN      |   9 |  50
 2002 | FLA      |   9 |  50
 2004 | TBD      |   9 |  50
 2003 | ANA      |   9 |  50
 1992 | WSN      |   9 |  50
 2009 | STL      |   9 |  50
 2008 | CLE      |   9 |  50
 2002 | SFG      |   9 |  50
 2006 | TBD      |   9 |  50
 2000 | COL      |   9 |  50
 2011 | MIL      |   9 |  51
 1999 | SEA      |   9 |  51
 1989 | ANA      |   9 |  51
 1992 | OAK      |   9 |  51
 2004 | TEX      |   9 |  51
 2009 | TEX      |   9 |  51
 2011 | TEX      |   9 |  51
 2011 | SFG      |   9 |  51
 2006 | FLA      |   9 |  52
 2008 | MIN      |   9 |  52
 2002 | LAD      |   9 |  52
 2005 | SDP      |   9 |  52
 2001 | SFG      |   9 |  52
 2004 | LAD      |   9 |  52
 2011 | BOS      |   9 |  53
 1987 | PIT      |   9 |  53
 2001 | ATL      |   9 |  53
 2009 | MIL      |   9 |  53
 1999 | BOS      |   9 |  53
 1987 | BAL      |   9 |  53
 1992 | KCR      |   9 |  53
 2004 | CHW      |   9 |  54
 2010 | TBD      |   9 |  54
 1996 | TEX      |   9 |  54
 2005 | MIN      |   9 |  54
 1991 | ANA      |   9 |  54
 2005 | FLA      |   9 |  55
 2011 | TOR      |   9 |  55
 1995 | CLE      |   9 |  55
 1994 | CHW      |   9 |  56
 1993 | ATL      |   9 |  56
 1996 | MIN      |   9 |  56
 1989 | DET      |   9 |  59
 1990 | CLE      |   9 |  60
 1990 | TEX      |   9 |  60
 1987 | CIN      |   9 |  61
 1988 | CHW      |   9 |  61
 1991 | CLE      |   9 |  62
 1991 | TEX      |   9 |  63
 1991 | DET      |   9 |  63
 1994 | CLE      |   9 |  64
 1993 | MIL      |   9 |  65
 1990 | WSN      |   9 |  71
 1990 | SEA      |   9 |  75
 1995 | SEA      |   9 |  77
 1989 | HOU      |   9 |  89
 1993 | FLA      |   9 |  91
 1996 | TBD      |   9 |  97
 1996 | NYY      |   9 | 100
 1991 | HOU      |   9 | 101
 1965 | ANA      |   8 |  21
 1984 | ANA      |   8 |  22
 1975 | ATL      |   8 |  23
 1984 | BOS      |   8 |  24
 1976 | SDP      |   8 |  26
 1979 | HOU      |   8 |  26
 1985 | ATL      |   8 |  28
 1975 | ANA      |   8 |  28
 1982 | BAL      |   8 |  29
 1973 | MIN      |   8 |  30
 1985 | OAK      |   8 |  30
 1987 | BOS      |   8 |  32
 1978 | DET      |   8 |  32
 1972 | DET      |   8 |  33
 1985 | CHC      |   8 |  33
 1985 | DET      |   8 |  33
 1986 | SFG      |   8 |  33
 1976 | ANA      |   8 |  34
 1982 | PHI      |   8 |  35
 1981 | KCR      |   8 |  35
 1985 | MIL      |   8 |  35
 1978 | OAK      |   8 |  36
 1981 | NYM      |   8 |  37
 1978 | CIN      |   8 |  37
 1975 | SFG      |   8 |  37
 1979 | TEX      |   8 |  38
 1979 | CHC      |   8 |  39
 1970 | WSN      |   8 |  39
 1965 | NYY      |   8 |  40
 1980 | NYM      |   8 |  40
 2005 | OAK      |   8 |  40
 1987 | CHW      |   8 |  40
 1978 | TEX      |   8 |  41
 1990 | PIT      |   8 |  41
 2003 | HOU      |   8 |  41
 1991 | BOS      |   8 |  42
 2012 | OAK      |   8 |  43
 1998 | OAK      |   8 |  43
 1989 | BOS      |   8 |  43
 1987 | CHC      |   8 |  43
 1999 | STL      |   8 |  43
 1997 | PIT      |   8 |  43
 1987 | DET      |   8 |  43
 2000 | HOU      |   8 |  43
 1998 | PHI      |   8 |  44
 1988 | SDP      |   8 |  44
 1986 | KCR      |   8 |  44
 1971 | SFG      |   8 |  44
 1993 | NYM      |   8 |  45
 1988 | BAL      |   8 |  46
 1979 | CIN      |   8 |  46
 1987 | HOU      |   8 |  46
 2007 | MIL      |   8 |  46
 1994 | BOS      |   8 |  46
 1995 | BOS      |   8 |  46
 1998 | TBD      |   8 |  47
 1968 | CLE      |   8 |  48
 2005 | SEA      |   8 |  48
 1991 | MIN      |   8 |  48
 2000 | CLE      |   8 |  48
 1986 | HOU      |   8 |  48
 2005 | WSN      |   8 |  48
 2005 | NYM      |   8 |  48
 2004 | SEA      |   8 |  48
 2001 | HOU      |   8 |  49
 2009 | KCR      |   8 |  49
 1984 | CLE      |   8 |  49
 2005 | PHI      |   8 |  49
 1997 | KCR      |   8 |  49
 1989 | PIT      |   8 |  49
 2009 | OAK      |   8 |  49
 2009 | NYY      |   8 |  49
 1988 | OAK      |   8 |  49
 2006 | NYM      |   8 |  49
 2005 | CIN      |   8 |  50
 2002 | TOR      |   8 |  50
 2000 | LAD      |   8 |  50
 2009 | BOS      |   8 |  50
 2003 | NYY      |   8 |  50
 1968 | BAL      |   8 |  50
 2008 | FLA      |   8 |  50
 2001 | STL      |   8 |  50
 2006 | SEA      |   8 |  50
 2010 | SFG      |   8 |  50
 1998 | NYM      |   8 |  50
 2008 | PIT      |   8 |  50
 1999 | MIN      |   8 |  50
 1992 | SFG      |   8 |  50
 2008 | SFG      |   8 |  50
 2011 | ATL      |   8 |  50
 2007 | NYY      |   8 |  50
 1992 | TEX      |   8 |  50
 1987 | PHI      |   8 |  50
 1995 | SFG      |   8 |  50
 1992 | CLE      |   8 |  50
 2004 | ARI      |   8 |  50
 2005 | TBD      |   8 |  50
 2006 | PIT      |   8 |  50
 1999 | TBD      |   8 |  50
 1967 | DET      |   8 |  51
 2010 | COL      |   8 |  51
 2011 | COL      |   8 |  51
 2010 | DET      |   8 |  51
 2005 | STL      |   8 |  51
 1992 | CIN      |   8 |  51
 2009 | PIT      |   8 |  51
 2003 | KCR      |   8 |  51
 1992 | HOU      |   8 |  51
 2009 | WSN      |   8 |  51
 2006 | PHI      |   8 |  51
 1998 | CHW      |   8 |  52
 2005 | CLE      |   8 |  52
 2007 | ATL      |   8 |  52
 2010 | BOS      |   8 |  52
 2000 | MIN      |   8 |  52
 2008 | ARI      |   8 |  52
 2010 | STL      |   8 |  52
 1988 | SEA      |   8 |  52
 2007 | PHI      |   8 |  52
 1991 | NYM      |   8 |  53
 1992 | ANA      |   8 |  53
 1994 | MIN      |   8 |  53
 2008 | MIL      |   8 |  54
 1994 | SDP      |   8 |  54
 1996 | TOR      |   8 |  55
 1996 | PIT      |   8 |  56
 1995 | ATL      |   8 |  56
 1993 | ANA      |   8 |  57
 1997 | CHC      |   8 |  58
 1988 | WSN      |   8 |  59
 1994 | SFG      |   8 |  59
 1993 | COL      |   8 |  60
 1996 | ATL      |   8 |  61
 1966 | LAD      |   8 |  62
 1995 | NYM      |   8 |  63
 1988 | PHI      |   8 |  64
 1993 | WSN      |   8 |  64
 1994 | TOR      |   8 |  64
 1995 | STL      |   8 |  66
 1997 | TOR      |   8 |  66
 1968 | LAD      |   8 |  71
 1995 | NYY      |   8 |  72
 1994 | SEA      |   8 |  75
 1989 | TOR      |   8 |  76
 1967 | NYY      |   8 |  77
 1993 | CHC      |   8 |  83
 1995 | HOU      |   8 |  86
 1993 | SDP      |   8 |  91
 1974 | MIL      |   7 |  16
 1978 | WSN      |   7 |  21
 1978 | ANA      |   7 |  21
 1980 | SEA      |   7 |  23
 1975 | BOS      |   7 |  24
 1965 | TEX      |   7 |  25
 1986 | ANA      |   7 |  25
 1970 | SDP      |   7 |  25
 1985 | SDP      |   7 |  25
 1976 | HOU      |   7 |  25
 1984 | STL      |   7 |  26
 1977 | BOS      |   7 |  26
 1977 | CHW      |   7 |  26
 1976 | BOS      |   7 |  26
 1981 | SEA      |   7 |  27
 1980 | BAL      |   7 |  27
 1974 | SFG      |   7 |  27
 1976 | ATL      |   7 |  28
 1980 | KCR      |   7 |  29
 1986 | SEA      |   7 |  29
 1975 | PHI      |   7 |  29
 1978 | NYM      |   7 |  30
 1985 | TEX      |   7 |  30
 1973 | SFG      |   7 |  30
 1972 | WSN      |   7 |  30
 1985 | CHW      |   7 |  30
 1984 | CHC      |   7 |  30
 1968 | TEX      |   7 |  31
 1981 | STL      |   7 |  31
 1986 | STL      |   7 |  31
 1978 | KCR      |   7 |  31
 1973 | OAK      |   7 |  31
 1983 | MIL      |   7 |  32
 1981 | OAK      |   7 |  32
 1980 | WSN      |   7 |  32
 1965 | PHI      |   7 |  33
 1977 | ANA      |   7 |  33
 1979 | SEA      |   7 |  34
 1969 | OAK      |   7 |  34
 1971 | KCR      |   7 |  34
 1966 | ANA      |   7 |  35
 1979 | SFG      |   7 |  35
 2007 | TOR      |   7 |  35
 1983 | SEA      |   7 |  35
 1983 | ATL      |   7 |  35
 1985 | STL      |   7 |  35
 1979 | BAL      |   7 |  35
 1972 | MIN      |   7 |  36
 1979 | NYM      |   7 |  36
 1974 | CIN      |   7 |  36
 1969 | CIN      |   7 |  36
 1974 | NYM      |   7 |  38
 1976 | CIN      |   7 |  38
 1990 | CIN      |   7 |  39
 1994 | OAK      |   7 |  39
 1976 | LAD      |   7 |  39
 1966 | HOU      |   7 |  39
 1985 | CLE      |   7 |  39
 1986 | PHI      |   7 |  40
 1972 | PIT      |   7 |  40
 1966 | PIT      |   7 |  41
 2012 | LAD      |   7 |  41
 1965 | ATL      |   7 |  41
 2002 | MIL      |   7 |  42
 1965 | PIT      |   7 |  42
 2012 | NYM      |   7 |  42
 1989 | SDP      |   7 |  42
 1997 | OAK      |   7 |  43
 1969 | LAD      |   7 |  43
 2008 | TOR      |   7 |  44
 1997 | PHI      |   7 |  44
 1995 | OAK      |   7 |  44
 1968 | NYM      |   7 |  44
 1980 | CLE      |   7 |  44
 1998 | KCR      |   7 |  44
 2002 | DET      |   7 |  45
 2000 | SDP      |   7 |  45
 2007 | DET      |   7 |  45
 1991 | CHC      |   7 |  46
 2000 | BOS      |   7 |  46
 1988 | SFG      |   7 |  47
 1998 | PIT      |   7 |  47
 2005 | SFG      |   7 |  47
 2002 | PHI      |   7 |  48
 2004 | ANA      |   7 |  48
 1998 | ARI      |   7 |  48
 1988 | MIN      |   7 |  48
 1971 | LAD      |   7 |  48
 1991 | BAL      |   7 |  48
 1987 | SFG      |   7 |  48
 2006 | ANA      |   7 |  49
 2009 | NYM      |   7 |  49
 1967 | SFG      |   7 |  49
 2004 | CHC      |   7 |  49
 1994 | WSN      |   7 |  49
 2010 | NYM      |   7 |  49
 1998 | MIN      |   7 |  49
 2003 | DET      |   7 |  50
 2003 | BAL      |   7 |  50
 2001 | TOR      |   7 |  50
 2006 | COL      |   7 |  50
 2011 | NYY      |   7 |  50
 2001 | BAL      |   7 |  50
 2006 | DET      |   7 |  50
 2010 | CHC      |   7 |  50
 2010 | CIN      |   7 |  50
 1992 | CHW      |   7 |  50
 2010 | ATL      |   7 |  50
 2003 | TOR      |   7 |  50
 2002 | KCR      |   7 |  50
 2006 | LAD      |   7 |  50
 2005 | NYY      |   7 |  50
 2004 | MIL      |   7 |  50
 2003 | SDP      |   7 |  50
 2011 | CLE      |   7 |  50
 1999 | LAD      |   7 |  50
 2002 | SDP      |   7 |  50
 2000 | KCR      |   7 |  50
 2010 | SEA      |   7 |  50
 2004 | DET      |   7 |  50
 1998 | SFG      |   7 |  50
 2010 | KCR      |   7 |  50
 2011 | CHC      |   7 |  50
 2006 | KCR      |   7 |  50
 2009 | SFG      |   7 |  50
 2006 | SFG      |   7 |  50
 2010 | MIN      |   7 |  50
 1989 | SFG      |   7 |  50
 2001 | MIL      |   7 |  50
 2011 | CIN      |   7 |  50
 2000 | ANA      |   7 |  51
 1992 | MIL      |   7 |  51
 2008 | KCR      |   7 |  51
 2008 | ATL      |   7 |  51
 2011 | PHI      |   7 |  51
 1998 | NYY      |   7 |  51
 1967 | MIN      |   7 |  51
 2009 | LAD      |   7 |  51
 2009 | CIN      |   7 |  51
 1998 | BAL      |   7 |  51
 2004 | TOR      |   7 |  52
 2009 | COL      |   7 |  52
 2010 | HOU      |   7 |  52
 1992 | TOR      |   7 |  52
 1984 | NYY      |   7 |  52
 1995 | SDP      |   7 |  52
 2001 | SEA      |   7 |  52
 1996 | CHW      |   7 |  53
 2000 | TEX      |   7 |  53
 2007 | WSN      |   7 |  53
 2007 | OAK      |   7 |  53
 1997 | MIL      |   7 |  53
 1997 | MIN      |   7 |  54
 1989 | NYM      |   7 |  54
 2009 | ANA      |   7 |  54
 2004 | MIN      |   7 |  54
 2002 | CHC      |   7 |  56
 1990 | PHI      |   7 |  57
 1970 | BAL      |   7 |  57
 1993 | LAD      |   7 |  57
 1993 | SFG      |   7 |  57
 1997 | CHW      |   7 |  57
 1994 | ATL      |   7 |  58
 1997 | FLA      |   7 |  58
 1997 | ANA      |   7 |  59
 1991 | PIT      |   7 |  59
 1988 | CIN      |   7 |  59
 1989 | OAK      |   7 |  60
 1990 | LAD      |   7 |  63
 1988 | HOU      |   7 |  65
 1989 | LAD      |   7 |  65
 1988 | PIT      |   7 |  66
 1994 | DET      |   7 |  68
 1988 | ATL      |   7 |  69
 1997 | LAD      |   7 |  71
 1991 | WSN      |   7 |  72
 1993 | CLE      |   7 |  72
 1996 | LAD      |   7 |  79
 1996 | HOU      |   7 |  83
 1971 | SDP      |   6 |  19
 1983 | BOS      |   6 |  20
 1976 | WSN      |   6 |  21
 1983 | TOR      |   6 |  23
 1971 | MIL      |   6 |  23
 1969 | BOS      |   6 |  25
 1971 | ATL      |   6 |  25
 1980 | BOS      |   6 |  26
 1976 | CHW      |   6 |  26
 1971 | CHW      |   6 |  26
 1979 | STL      |   6 |  26
 1977 | SFG      |   6 |  27
 1984 | BAL      |   6 |  28
 1979 | SDP      |   6 |  28
 1978 | ATL      |   6 |  29
 1979 | NYY      |   6 |  29
 1982 | SDP      |   6 |  29
 1980 | PHI      |   6 |  30
 1985 | ANA      |   6 |  30
 1982 | OAK      |   6 |  30
 1985 | SFG      |   6 |  30
 1982 | MIL      |   6 |  30
 1979 | WSN      |   6 |  30
 1976 | CHC      |   6 |  30
 1984 | PHI      |   6 |  31
 1973 | ANA      |   6 |  31
 1983 | PHI      |   6 |  31
 1978 | CHC      |   6 |  31
 1981 | LAD      |   6 |  31
 1965 | CIN      |   6 |  32
 1970 | CHW      |   6 |  32
 1977 | SEA      |   6 |  32
 1974 | PHI      |   6 |  32
 1982 | STL      |   6 |  32
 1979 | MIL      |   6 |  33
 1982 | MIN      |   6 |  33
 1983 | KCR      |   6 |  34
 1987 | OAK      |   6 |  34
 1985 | HOU      |   6 |  34
 1984 | NYM      |   6 |  35
 1983 | OAK      |   6 |  35
 1970 | CLE      |   6 |  35
 1987 | CLE      |   6 |  36
 1977 | LAD      |   6 |  37
 1981 | CHW      |   6 |  37
 1974 | PIT      |   6 |  37
 1972 | CLE      |   6 |  37
 1969 | CHC      |   6 |  38
 1994 | TEX      |   6 |  38
 1988 | BOS      |   6 |  38
 1986 | MIL      |   6 |  38
 1981 | WSN      |   6 |  39
 1972 | LAD      |   6 |  39
 1997 | HOU      |   6 |  40
 2012 | TBD      |   6 |  40
 1969 | STL      |   6 |  40
 2012 | SFG      |   6 |  40
 1969 | SFG      |   6 |  40
 1983 | NYY      |   6 |  40
 1987 | STL      |   6 |  40
 2013 | CIN      |   6 |  41
 1998 | HOU      |   6 |  41
 1970 | STL      |   6 |  41
 2001 | SDP      |   6 |  41
 1997 | SDP      |   6 |  42
 2007 | NYM      |   6 |  42
 2013 | OAK      |   6 |  42
 2003 | OAK      |   6 |  42
 1967 | TEX      |   6 |  42
 2012 | COL      |   6 |  42
 2002 | PIT      |   6 |  43
 1986 | ATL      |   6 |  43
 1981 | PIT      |   6 |  43
 1993 | CIN      |   6 |  44
 1982 | SFG      |   6 |  44
 1979 | PIT      |   6 |  44
 1972 | BAL      |   6 |  44
 2003 | TEX      |   6 |  44
 1972 | NYM      |   6 |  45
 2000 | OAK      |   6 |  45
 1999 | SDP      |   6 |  46
 1995 | WSN      |   6 |  46
 1972 | SFG      |   6 |  46
 1994 | CIN      |   6 |  47
 1997 | COL      |   6 |  47
 2000 | SEA      |   6 |  47
 2003 | PHI      |   6 |  48
 1969 | PIT      |   6 |  48
 2007 | CLE      |   6 |  48
 1969 | TEX      |   6 |  48
 1992 | CHC      |   6 |  49
 2002 | BOS      |   6 |  49
 1988 | KCR      |   6 |  49
 2004 | ATL      |   6 |  49
 1999 | ANA      |   6 |  49
 2004 | HOU      |   6 |  49
 2011 | DET      |   6 |  49
 2009 | PHI      |   6 |  49
 2004 | BOS      |   6 |  49
 2004 | SFG      |   6 |  49
 2006 | TEX      |   6 |  49
 1995 | BAL      |   6 |  49
 1999 | CIN      |   6 |  50
 2001 | MIN      |   6 |  50
 2008 | DET      |   6 |  50
 2004 | FLA      |   6 |  50
 2010 | WSN      |   6 |  50
 2011 | CHW      |   6 |  50
 2002 | SEA      |   6 |  50
 2010 | MIL      |   6 |  50
 2007 | PIT      |   6 |  50
 2005 | TEX      |   6 |  50
 2007 | FLA      |   6 |  50
 2000 | PIT      |   6 |  50
 1999 | FLA      |   6 |  50
 2003 | MIL      |   6 |  50
 2004 | PHI      |   6 |  50
 2009 | SDP      |   6 |  50
 2011 | PIT      |   6 |  50
 2010 | SDP      |   6 |  50
 2008 | COL      |   6 |  50
 2009 | TBD      |   6 |  50
 2001 | WSN      |   6 |  50
 2003 | MIN      |   6 |  50
 2003 | CIN      |   6 |  50
 2002 | BAL      |   6 |  50
 2010 | ARI      |   6 |  50
 2003 | COL      |   6 |  50
 2007 | CHC      |   6 |  50
 2010 | LAD      |   6 |  50
 2009 | BAL      |   6 |  50
 2000 | NYY      |   6 |  50
 2005 | BAL      |   6 |  51
 2011 | WSN      |   6 |  51
 1992 | MIN      |   6 |  51
 2006 | BAL      |   6 |  51
 2009 | HOU      |   6 |  51
 2003 | ARI      |   6 |  51
 2009 | CHW      |   6 |  52
 1969 | NYM      |   6 |  52
 2008 | NYM      |   6 |  52
 2002 | ATL      |   6 |  52
 1973 | STL      |   6 |  52
 2006 | WSN      |   6 |  52
 1991 | CIN      |   6 |  52
 2001 | NYM      |   6 |  52
 2003 | CLE      |   6 |  52
 1965 | MIN      |   6 |  53
 2004 | KCR      |   6 |  53
 1991 | PHI      |   6 |  54
 1995 | MIN      |   6 |  54
 1995 | CHW      |   6 |  54
 1989 | CIN      |   6 |  55
 2010 | ANA      |   6 |  55
 1990 | KCR      |   6 |  55
 1989 | STL      |   6 |  56
 1990 | DET      |   6 |  56
 1966 | ATL      |   6 |  57
 1989 | TEX      |   6 |  58
 1995 | COL      |   6 |  58
 1995 | TOR      |   6 |  59
 1988 | TEX      |   6 |  59
 1993 | TEX      |   6 |  59
 1965 | STL      |   6 |  60
 1995 | ANA      |   6 |  60
 1988 | CLE      |   6 |  60
 1993 | TOR      |   6 |  61
 1994 | MIL      |   6 |  61
 1995 | CHC      |   6 |  61
 1988 | NYM      |   6 |  61
 1967 | CLE      |   6 |  62
 1991 | ATL      |   6 |  62
 1996 | CHC      |   6 |  63
 1991 | SFG      |   6 |  67
 1995 | MIL      |   6 |  68
 1993 | SEA      |   6 |  69
 1989 | WSN      |   6 |  69
 1989 | SEA      |   6 |  70
 1967 | CIN      |   6 |  72
 1994 | FLA      |   6 |  81
 1995 | LAD      |   6 |  85
 1994 | NYY      |   6 |  87
 1969 | KCR      |   6 |  90
 1991 | LAD      |   6 |  93
 1972 | SDP      |   5 |  19
 1973 | HOU      |   5 |  19
 1965 | BOS      |   5 |  20
 1973 | PHI      |   5 |  22
 1972 | BOS      |   5 |  22
 1978 | BAL      |   5 |  22
 1978 | SEA      |   5 |  23
 1974 | CHW      |   5 |  23
 1977 | MIL      |   5 |  23
 1984 | LAD      |   5 |  24
 1977 | KCR      |   5 |  24
 1972 | CHW      |   5 |  24
 1986 | OAK      |   5 |  25
 1975 | KCR      |   5 |  25
 1980 | ATL      |   5 |  25
 1981 | TOR      |   5 |  25
 1982 | ANA      |   5 |  26
 1981 | ANA      |   5 |  26
 1984 | HOU      |   5 |  26
 1980 | OAK      |   5 |  26
 1986 | DET      |   5 |  26
 1977 | ATL      |   5 |  26
 1985 | BOS      |   5 |  27
 1982 | CHC      |   5 |  27
 1977 | NYY      |   5 |  27
 1972 | CHC      |   5 |  27
 1975 | CIN      |   5 |  27
 1985 | WSN      |   5 |  27
 1977 | SDP      |   5 |  28
 1982 | HOU      |   5 |  28
 1976 | TEX      |   5 |  28
 1983 | ANA      |   5 |  28
 1973 | BAL      |   5 |  28
 1977 | TEX      |   5 |  28
 1983 | CHC      |   5 |  28
 1984 | TOR      |   5 |  29
 1974 | DET      |   5 |  29
 1986 | MIN      |   5 |  30
 1965 | LAD      |   5 |  30
 1969 | PHI      |   5 |  31
 1974 | STL      |   5 |  31
 1982 | ATL      |   5 |  31
 1985 | SEA      |   5 |  31
 1968 | CHW      |   5 |  31
 1975 | STL      |   5 |  31
 1982 | KCR      |   5 |  31
 1981 | DET      |   5 |  32
 1970 | PHI      |   5 |  32
 1983 | DET      |   5 |  32
 1977 | PHI      |   5 |  33
 1975 | LAD      |   5 |  33
 1978 | MIN      |   5 |  33
 1986 | CHC      |   5 |  33
 1978 | SFG      |   5 |  33
 1981 | PHI      |   5 |  33
 1972 | NYY      |   5 |  33
 1979 | LAD      |   5 |  33
 1982 | SEA      |   5 |  34
 1985 | BAL      |   5 |  34
 1966 | TEX      |   5 |  34
 1979 | MIN      |   5 |  34
 1983 | CIN      |   5 |  34
 1987 | SDP      |   5 |  34
 1985 | PHI      |   5 |  34
 1977 | NYM      |   5 |  35
 1981 | TEX      |   5 |  35
 1975 | BAL      |   5 |  35
 1984 | WSN      |   5 |  35
 1990 | BOS      |   5 |  35
 1981 | CIN      |   5 |  35
 1980 | DET      |   5 |  36
 1985 | PIT      |   5 |  36
 1982 | CIN      |   5 |  36
 1976 | PIT      |   5 |  36
 1981 | MIN      |   5 |  37
 1985 | TOR      |   5 |  37
 1968 | ATL      |   5 |  37
 1973 | TEX      |   5 |  37
 1986 | WSN      |   5 |  37
 1977 | OAK      |   5 |  37
 1977 | CHC      |   5 |  37
 1975 | MIN      |   5 |  37
 1979 | KCR      |   5 |  37
 1981 | SDP      |   5 |  38
 1968 | PIT      |   5 |  38
 1980 | SDP      |   5 |  39
 1974 | WSN      |   5 |  39
 1970 | SFG      |   5 |  40
 1997 | CIN      |   5 |  40
 2012 | FLA      |   5 |  40
 2013 | CHW      |   5 |  40
 1973 | CHW      |   5 |  40
 1987 | ANA      |   5 |  40
 1965 | SFG      |   5 |  40
 2013 | BAL      |   5 |  41
 2012 | SEA      |   5 |  41
 1965 | CHW      |   5 |  41
 2012 | MIL      |   5 |  42
 1993 | PHI      |   5 |  42
 1999 | HOU      |   5 |  42
 1988 | MIL      |   5 |  42
 1967 | STL      |   5 |  42
 2012 | MIN      |   5 |  43
 1996 | OAK      |   5 |  43
 2000 | BAL      |   5 |  43
 1989 | CHW      |   5 |  43
 1993 | BAL      |   5 |  44
 1999 | PHI      |   5 |  44
 2012 | STL      |   5 |  44
 1995 | PIT      |   5 |  44
 1968 | DET      |   5 |  45
 1971 | STL      |   5 |  45
 1968 | STL      |   5 |  46
 2001 | PHI      |   5 |  46
 2006 | CHC      |   5 |  47
 2001 | BOS      |   5 |  47
 1999 | ARI      |   5 |  48
 1998 | TOR      |   5 |  48
 2001 | DET      |   5 |  48
 2002 | NYY      |   5 |  48
 2000 | STL      |   5 |  48
 2003 | NYM      |   5 |  48
 2002 | HOU      |   5 |  48
 1992 | NYY      |   5 |  48
 1999 | WSN      |   5 |  48
 2006 | TOR      |   5 |  48
 1988 | STL      |   5 |  48
 2001 | TEX      |   5 |  48
 2004 | SDP      |   5 |  49
 1992 | BOS      |   5 |  49
 2007 | ANA      |   5 |  49
 1992 | SDP      |   5 |  49
 1999 | COL      |   5 |  49
 2009 | ATL      |   5 |  49
 2004 | BAL      |   5 |  49
 1966 | MIN      |   5 |  49
 2008 | CIN      |   5 |  49
 1992 | PHI      |   5 |  49
 2003 | FLA      |   5 |  50
 1969 | NYY      |   5 |  50
 2010 | OAK      |   5 |  50
 1983 | TEX      |   5 |  50
 2007 | COL      |   5 |  50
 2011 | BAL      |   5 |  50
 2007 | KCR      |   5 |  50
 2002 | WSN      |   5 |  50
 2004 | WSN      |   5 |  50
 1999 | NYY      |   5 |  50
 1987 | ATL      |   5 |  50
 1996 | SFG      |   5 |  50
 2004 | CLE      |   5 |  50
 2009 | CHC      |   5 |  50
 2004 | CIN      |   5 |  50
 2002 | ARI      |   5 |  50
 2004 | PIT      |   5 |  50
 2011 | FLA      |   5 |  50
 2000 | CHW      |   5 |  50
 1999 | NYM      |   5 |  50
 1998 | DET      |   5 |  50
 2003 | SEA      |   5 |  50
 1969 | BAL      |   5 |  50
 2002 | ANA      |   5 |  50
 1998 | CLE      |   5 |  50
 2010 | BAL      |   5 |  50
 1999 | CHC      |   5 |  50
 2007 | TBD      |   5 |  50
 2009 | DET      |   5 |  50
 2006 | CHW      |   5 |  50
 2001 | COL      |   5 |  50
 1988 | DET      |   5 |  50
 2007 | MIN      |   5 |  50
 2007 | SEA      |   5 |  51
 2010 | CHW      |   5 |  51
 2009 | MIN      |   5 |  51
 1996 | DET      |   5 |  51
 2001 | CHW      |   5 |  51
 1998 | CHC      |   5 |  51
 2011 | SEA      |   5 |  51
 2000 | TOR      |   5 |  52
 1966 | NYM      |   5 |  52
 2008 | HOU      |   5 |  52
 2000 | CIN      |   5 |  52
 2005 | COL      |   5 |  52
 2004 | NYY      |   5 |  52
 1987 | NYY      |   5 |  54
 2006 | ATL      |   5 |  54
 1995 | PHI      |   5 |  54
 1996 | ANA      |   5 |  55
 1996 | NYM      |   5 |  55
 1997 | WSN      |   5 |  56
 1996 | MIL      |   5 |  57
 1997 | ARI      |   5 |  60
 2011 | TBD      |   5 |  60
 1967 | NYM      |   5 |  60
 1997 | SEA      |   5 |  61
 1989 | KCR      |   5 |  61
 1993 | STL      |   5 |  62
 1989 | ATL      |   5 |  62
 1993 | NYY      |   5 |  62
 1966 | NYY      |   5 |  63
 1993 | KCR      |   5 |  65
 1996 | FLA      |   5 |  73
 1991 | NYY      |   5 |  80
 1974 | HOU      |   4 |  16
 1978 | HOU      |   4 |  17
 1974 | ATL      |   4 |  17
 1975 | NYY      |   4 |  18
 1979 | TOR      |   4 |  20
 1974 | SDP      |   4 |  20
 1973 | BOS      |   4 |  22
 1982 | BOS      |   4 |  22
 1984 | KCR      |   4 |  22
 1973 | LAD      |   4 |  22
 1976 | MIL      |   4 |  23
 1977 | BAL      |   4 |  23
 1974 | NYY      |   4 |  23
 1974 | CHC      |   4 |  25
 1975 | OAK      |   4 |  25
 1972 | PHI      |   4 |  25
 1978 | TOR      |   4 |  25
 1971 | CHC      |   4 |  25
 1972 | ANA      |   4 |  26
 1980 | MIL      |   4 |  26
 1975 | CLE      |   4 |  26
 1971 | CLE      |   4 |  27
 1983 | CLE      |   4 |  27
 1984 | SFG      |   4 |  27
 1975 | NYM      |   4 |  27
 1977 | CLE      |   4 |  28
 1972 | MIL      |   4 |  28
 1973 | NYY      |   4 |  28
 1971 | BOS      |   4 |  28
 1966 | BOS      |   4 |  28
 1985 | CIN      |   4 |  28
 1982 | LAD      |   4 |  29
 1977 | DET      |   4 |  29
 1977 | WSN      |   4 |  29
 1982 | CHW      |   4 |  29
 1980 | ANA      |   4 |  29
 1985 | KCR      |   4 |  30
 1983 | STL      |   4 |  30
 1983 | CHW      |   4 |  30
 1982 | CLE      |   4 |  30
 1973 | ATL      |   4 |  30
 1973 | CHC      |   4 |  31
 1978 | PHI      |   4 |  31
 1975 | CHW      |   4 |  31
 1971 | CIN      |   4 |  31
 1986 | LAD      |   4 |  32
 1976 | NYM      |   4 |  32
 1978 | MIL      |   4 |  32
 1971 | NYY      |   4 |  32
 1979 | PHI      |   4 |  32
 1983 | LAD      |   4 |  32
 1984 | OAK      |   4 |  32
 1976 | MIN      |   4 |  32
 1972 | OAK      |   4 |  32
 1984 | ATL      |   4 |  33
 1985 | NYY      |   4 |  33
 1978 | LAD      |   4 |  33
 1975 | TEX      |   4 |  33
 1980 | CHC      |   4 |  33
 1966 | CLE      |   4 |  34
 1983 | SFG      |   4 |  34
 1976 | STL      |   4 |  34
 1983 | WSN      |   4 |  34
 1985 | LAD      |   4 |  34
 1970 | DET      |   4 |  34
 1969 | DET      |   4 |  34
 1982 | PIT      |   4 |  35
 1979 | CHW      |   4 |  35
 1969 | ATL      |   4 |  35
 1974 | KCR      |   4 |  35
 1968 | BOS      |   4 |  36
 1979 | OAK      |   4 |  36
 1966 | OAK      |   4 |  36
 1980 | CIN      |   4 |  36
 1973 | NYM      |   4 |  36
 1968 | HOU      |   4 |  36
 1980 | STL      |   4 |  37
 1972 | KCR      |   4 |  37
 1985 | NYM      |   4 |  37
 1971 | DET      |   4 |  37
 1969 | ANA      |   4 |  38
 1977 | PIT      |   4 |  38
 1971 | WSN      |   4 |  38
 1979 | ATL      |   4 |  38
 1977 | MIN      |   4 |  38
 1968 | ANA      |   4 |  39
 1980 | NYY      |   4 |  39
 1976 | SFG      |   4 |  40
 2007 | LAD      |   4 |  40
 2012 | KCR      |   4 |  40
 2013 | TOR      |   4 |  40
 2013 | KCR      |   4 |  41
 2013 | PIT      |   4 |  41
 2012 | NYY      |   4 |  41
 1996 | STL      |   4 |  41
 2013 | DET      |   4 |  41
 1978 | PIT      |   4 |  41
 1997 | DET      |   4 |  42
 2007 | HOU      |   4 |  42
 1994 | BAL      |   4 |  43
 1999 | DET      |   4 |  43
 1969 | CLE      |   4 |  43
 1968 | NYY      |   4 |  43
 2012 | TEX      |   4 |  43
 1999 | OAK      |   4 |  45
 2007 | CHW      |   4 |  45
 1966 | STL      |   4 |  46
 1970 | NYY      |   4 |  46
 1978 | STL      |   4 |  46
 1970 | TEX      |   4 |  46
 2002 | TEX      |   4 |  46
 1984 | TEX      |   4 |  47
 2004 | STL      |   4 |  47
 1970 | CHC      |   4 |  47
 1970 | CIN      |   4 |  47
 2002 | STL      |   4 |  48
 2005 | HOU      |   4 |  48
 1969 | MIN      |   4 |  48
 2007 | BAL      |   4 |  48
 1989 | MIL      |   4 |  49
 2001 | FLA      |   4 |  49
 1966 | BAL      |   4 |  49
 1999 | ATL      |   4 |  49
 2011 | ANA      |   4 |  49
 1999 | MIL      |   4 |  49
 1991 | MIL      |   4 |  49
 1999 | CLE      |   4 |  49
 1998 | TEX      |   4 |  50
 2011 | KCR      |   4 |  50
 1968 | KCR      |   4 |  50
 2010 | PIT      |   4 |  50
 1998 | ANA      |   4 |  50
 1998 | SEA      |   4 |  50
 1999 | PIT      |   4 |  50
 2005 | PIT      |   4 |  50
 2009 | FLA      |   4 |  50
 1999 | TOR      |   4 |  50
 2010 | PHI      |   4 |  50
 2011 | STL      |   4 |  50
 1998 | LAD      |   4 |  50
 2011 | HOU      |   4 |  50
 2004 | NYM      |   4 |  50
 2001 | KCR      |   4 |  50
 1996 | COL      |   4 |  51
 2000 | NYM      |   4 |  51
 1999 | SFG      |   4 |  52
 1973 | KCR      |   4 |  52
 2005 | ARI      |   4 |  52
 2011 | ARI      |   4 |  52
 2003 | BOS      |   4 |  52
 2002 | CLE      |   4 |  54
 1994 | COL      |   4 |  56
 1993 | PIT      |   4 |  56
 1967 | BAL      |   4 |  64
 1997 | ATL      |   4 |  69
 1995 | KCR      |   4 |  70
 1967 | LAD      |   4 |  70
 1965 | BAL      |   4 |  71
 1994 | CHC      |   4 |  75
 1993 | HOU      |   4 |  81
 1968 | SDP      |   3 |  16
 1977 | HOU      |   3 |  18
 1971 | HOU      |   3 |  19
 1984 | SDP      |   3 |  20
 1979 | BOS      |   3 |  21
 1973 | SDP      |   3 |  21
 1986 | CHW      |   3 |  21
 1981 | BOS      |   3 |  22
 1976 | BAL      |   3 |  22
 1974 | OAK      |   3 |  23
 1975 | HOU      |   3 |  24
 1976 | NYY      |   3 |  25
 1975 | SDP      |   3 |  25
 1975 | DET      |   3 |  26
 1970 | HOU      |   3 |  26
 1986 | SDP      |   3 |  27
 1966 | CIN      |   3 |  27
 1968 | MIL      |   3 |  29
 1969 | HOU      |   3 |  29
 1970 | MIL      |   3 |  29
 1981 | MIL      |   3 |  29
 1970 | ATL      |   3 |  30
 1982 | WSN      |   3 |  30
 1981 | CHC      |   3 |  30
 1975 | WSN      |   3 |  30
 1967 | CHC      |   3 |  30
 1973 | WSN      |   3 |  31
 1981 | BAL      |   3 |  31
 1968 | OAK      |   3 |  31
 1983 | HOU      |   3 |  32
 1969 | SDP      |   3 |  33
 1975 | PIT      |   3 |  34
 1980 | TEX      |   3 |  34
 1965 | CLE      |   3 |  34
 1971 | TEX      |   3 |  35
 1971 | NYM      |   3 |  35
 1976 | CLE      |   3 |  35
 1983 | PIT      |   3 |  35
 1969 | CHW      |   3 |  36
 1984 | MIN      |   3 |  37
 1968 | SFG      |   3 |  37
 2012 | ANA      |   3 |  38
 1966 | CHC      |   3 |  38
 2000 | PHI      |   3 |  38
 1971 | PHI      |   3 |  39
 1984 | CHW      |   3 |  39
 1971 | MIN      |   3 |  39
 2012 | DET      |   3 |  39
 2014 | NYY      |   3 |  39
 2013 | CLE      |   3 |  39
 2012 | ARI      |   3 |  40
 1970 | LAD      |   3 |  40
 2012 | WSN      |   3 |  40
 2006 | OAK      |   3 |  40
 2012 | BAL      |   3 |  40
 2013 | SEA      |   3 |  40
 2014 | ANA      |   3 |  40
 1982 | TEX      |   3 |  40
 2013 | CHC      |   3 |  40
 2013 | COL      |   3 |  41
 2014 | HOU      |   3 |  41
 2013 | TBD      |   3 |  41
 1974 | MIN      |   3 |  41
 2013 | ARI      |   3 |  41
 2012 | PIT      |   3 |  41
 1974 | BAL      |   3 |  41
 2012 | CHW      |   3 |  41
 1984 | PIT      |   3 |  42
 2012 | CIN      |   3 |  42
 1971 | BAL      |   3 |  42
 2013 | FLA      |   3 |  42
 1980 | PIT      |   3 |  43
 1996 | CIN      |   3 |  43
 1990 | MIL      |   3 |  43
 2012 | SDP      |   3 |  44
 1981 | SFG      |   3 |  44
 2012 | TOR      |   3 |  44
 1979 | CLE      |   3 |  44
 1971 | ANA      |   3 |  45
 1988 | CHC      |   3 |  45
 1997 | SFG      |   3 |  46
 1970 | MIN      |   3 |  46
 1990 | CHC      |   3 |  46
 1967 | ATL      |   3 |  48
 2002 | NYM      |   3 |  48
 1986 | BAL      |   3 |  48
 2005 | TOR      |   3 |  49
 2000 | MIL      |   3 |  49
 2011 | OAK      |   3 |  49
 1967 | OAK      |   3 |  49
 1998 | FLA      |   3 |  49
 2001 | LAD      |   3 |  49
 2006 | MIL      |   3 |  50
 2008 | SEA      |   3 |  50
 2003 | CHW      |   3 |  50
 2011 | LAD      |   3 |  50
 1992 | NYM      |   3 |  50
 2006 | HOU      |   3 |  50
 2002 | CIN      |   3 |  51
 2008 | TBD      |   3 |  51
 1997 | CLE      |   3 |  52
 1967 | CHW      |   3 |  52
 1989 | PHI      |   3 |  53
 2001 | CLE      |   3 |  53
 1989 | CHC      |   3 |  54
 1970 | PIT      |   3 |  61
 1969 | WSN      |   3 |  75
 1990 | MIM      |   2 |  16
 1977 | TOR      |   2 |  16
 1983 | SDP      |   2 |  17
 1974 | BOS      |   2 |  18
 1978 | CHW      |   2 |  19
 1976 | KCR      |   2 |  22
 1980 | CHW      |   2 |  22
 1974 | LAD      |   2 |  22
 1986 | BOS      |   2 |  23
 1974 | CLE      |   2 |  25
 1984 | CIN      |   2 |  26
 1972 | ATL      |   2 |  26
 1972 | HOU      |   2 |  26
 1979 | ANA      |   2 |  27
 1976 | PHI      |   2 |  28
 1973 | DET      |   2 |  28
 1980 | LAD      |   2 |  29
 1967 | ANA      |   2 |  29
 1968 | PHI      |   2 |  30
 1968 | CHC      |   2 |  31
 1972 | CIN      |   2 |  31
 1973 | PIT      |   2 |  31
 1983 | MIN      |   2 |  31
 1971 | PIT      |   2 |  31
 1985 | MIN      |   2 |  32
 1984 | DET      |   2 |  33
 1968 | MIN      |   2 |  34
 1976 | OAK      |   2 |  34
 1979 | DET      |   2 |  34
 1977 | CIN      |   2 |  35
 1966 | DET      |   2 |  36
 2015 | BOS      |   2 |  39
 2013 | HOU      |   2 |  40
 2013 | LAD      |   2 |  40
 2012 | CLE      |   2 |  40
 2012 | ATL      |   2 |  40
 2013 | ATL      |   2 |  40
 1996 | SDP      |   2 |  40
 2013 | STL      |   2 |  41
 1972 | STL      |   2 |  41
 2013 | SDP      |   2 |  41
 2013 | TEX      |   2 |  41
 2013 | PHI      |   2 |  41
 2014 | KCR      |   2 |  42
 2013 | NYY      |   2 |  42
 2012 | CHC      |   2 |  42
 1967 | PIT      |   2 |  42
 1967 | HOU      |   2 |  42
 1973 | CLE      |   2 |  42
 2000 | DET      |   2 |  43
 1968 | CIN      |   2 |  44
 2000 | FLA      |   2 |  45
 1994 | PIT      |   2 |  46
 1998 | WSN      |   2 |  47
 1978 | CLE      |   2 |  49
 1998 | MIL      |   2 |  50
 1992 | FLA      |   2 |  50
 1996 | PHI      |   2 |  50
 2005 | KCR      |   2 |  50
 2001 | CIN      |   2 |  50
 2005 | CHC      |   2 |  51
 2011 | MIN      |   2 |  52
 1978 | BOS      |   1 |  17
 1967 | BOS      |   1 |  19
 1973 | MIL      |   1 |  21
 1975 | MIL      |   1 |  22
 1980 | HOU      |   1 |  23
 1966 | PHI      |   1 |  25
 1970 | OAK      |   1 |  25
 1975 | CHC      |   1 |  29
 1984 | MIL      |   1 |  30
 1970 | BOS      |   1 |  31
 1973 | CIN      |   1 |  34
 2015 | CHW      |   1 |  38
 2015 | SDP      |   1 |  39
 2013 | WSN      |   1 |  39
 2014 | NYM      |   1 |  39
 1970 | KCR      |   1 |  39
 2013 | ANA      |   1 |  39
 2014 | PHI      |   1 |  40
 2014 | SFG      |   1 |  40
 2015 | ARI      |   1 |  40
 2014 | SDP      |   1 |  40
 2013 | MIL      |   1 |  40
 2014 | SEA      |   1 |  40
 2015 | CHC      |   1 |  40
 1984 | SEA      |   1 |  40
 2013 | MIN      |   1 |  40
 2014 | LAD      |   1 |  40
 2014 | OAK      |   1 |  40
 2013 | BOS      |   1 |  40
 2014 | CHC      |   1 |  40
 2014 | CHW      |   1 |  40
 2013 | SFG      |   1 |  40
 2015 | WSN      |   1 |  40
 2014 | TOR      |   1 |  41
 1970 | NYM      |   1 |  41
 2014 | BOS      |   1 |  41
 2014 | COL      |   1 |  41
 2015 | PIT      |   1 |  41
 2014 | STL      |   1 |  42
 2012 | PHI      |   1 |  42
 2015 | HOU      |   1 |  42
 2014 | PIT      |   1 |  42
 2014 | CLE      |   1 |  42
 2015 | STL      |   1 |  42
 2014 | ARI      |   1 |  42
 1992 | LAD      |   1 |  53
 2010 | ATl      |   0 |   1
 1990 | ERI      |   0 |   1
 1989 | BOI      |   0 |   2
 1970 | BEN      |   0 |   7
 1971 | BEN      |   0 |   7
 1968 | WSN      |   0 |  15
 1967 | PHI      |   0 |  24
 1980 | TOR      |   0 |  25
 1981 | HOU      |   0 |  26
 1971 | OAK      |   0 |  27
 1983 | BAL      |   0 |  29
 1981 | ATL      |   0 |  34
 2016 | CHC      |   0 |  38
 2016 | DET      |   0 |  38
 2014 | BAL      |   0 |  38
 2016 | SFG      |   0 |  39
 2016 | FLA      |   0 |  39
 2015 | NYM      |   0 |  39
 2016 | KCR      |   0 |  39
 2014 | WSN      |   0 |  40
 2015 | TOR      |   0 |  40
 2016 | TEX      |   0 |  40
 2014 | TEX      |   0 |  40
 2014 | ATL      |   0 |  40
 2015 | ANA      |   0 |  40
 2015 | TBD      |   0 |  40
 2015 | PHI      |   0 |  40
 2015 | TEX      |   0 |  40
 2014 | DET      |   0 |  40
 2016 | BOS      |   0 |  40
 2015 | OAK      |   0 |  40
 2016 | HOU      |   0 |  40
 2015 | FLA      |   0 |  40
 2014 | MIN      |   0 |  40
 2016 | PHI      |   0 |  40
 2016 | NYY      |   0 |  40
 2015 | MIN      |   0 |  40
 2016 | SEA      |   0 |  40
 2016 | ARI      |   0 |  40
 2016 | ANA      |   0 |  40
 2015 | SEA      |   0 |  40
 2016 | BAL      |   0 |  41
 2015 | BAL      |   0 |  41
 2016 | NYM      |   0 |  41
 2016 | MIL      |   0 |  41
 2016 | OAK      |   0 |  41
 2015 | NYY      |   0 |  41
 2014 | MIL      |   0 |  41
 2016 | CLE      |   0 |  41
 2015 | KCR      |   0 |  41
 2016 | WSN      |   0 |  41
 2016 | PIT      |   0 |  41
 2015 | CIN      |   0 |  41
 2015 | SFG      |   0 |  41
 2015 | DET      |   0 |  41
 2015 | CLE      |   0 |  41
 2016 | CHW      |   0 |  41
 2016 | COL      |   0 |  41
 2013 | NYM      |   0 |  41
 2014 | CIN      |   0 |  41
 2016 | CIN      |   0 |  41
 2016 | TOR      |   0 |  41
 2014 | TBD      |   0 |  41
 2015 | MIL      |   0 |  41
 2016 | TBD      |   0 |  41
 2016 | MIN      |   0 |  42
 2015 | LAD      |   0 |  42
 2015 | COL      |   0 |  42
 2016 | LAD      |   0 |  42
 2014 | FLA      |   0 |  42
 2016 | STL      |   0 |  42
 2016 | ATL      |   0 |  42
 2015 | ATL      |   0 |  43
 2016 | SDP      |   0 |  43
(1414 rows)

