 overall_pick |   p   
--------------+-------
         1721 | 1.000
         1560 | 1.000
         1667 | 1.000
         1604 | 1.000
         1605 | 1.000
         1627 | 1.000
         1718 | 1.000
            1 | 0.952
            2 | 0.902
           10 | 0.857
            3 | 0.841
            4 | 0.833
           14 | 0.786
            6 | 0.767
            7 | 0.756
           19 | 0.750
           16 | 0.744
           22 | 0.714
           17 | 0.705
           11 | 0.698
           30 | 0.683
           21 | 0.674
            5 | 0.650
            8 | 0.643
           12 | 0.643
           63 | 0.632
           35 | 0.625
           25 | 0.619
            9 | 0.610
           20 | 0.605
           36 | 0.605
           27 | 0.605
           34 | 0.600
           61 | 0.600
           28 | 0.600
           32 | 0.600
           23 | 0.600
           24 | 0.575
           18 | 0.571
           57 | 0.571
           13 | 0.558
           46 | 0.538
           29 | 0.538
           15 | 0.512
           41 | 0.512
         1475 | 0.500
         1027 | 0.500
           52 | 0.500
         1561 | 0.500
           97 | 0.500
         1499 | 0.500
         1361 | 0.500
           74 | 0.500
           58 | 0.500
         1452 | 0.500
           37 | 0.500
         1512 | 0.500
         1333 | 0.500
         1056 | 0.500
           26 | 0.488
           56 | 0.488
           49 | 0.486
           44 | 0.486
          163 | 0.485
           73 | 0.475
           50 | 0.475
           33 | 0.474
           69 | 0.474
           47 | 0.465
           38 | 0.463
           85 | 0.462
          109 | 0.457
           60 | 0.447
           43 | 0.447
           79 | 0.444
           80 | 0.439
           53 | 0.439
           67 | 0.436
           66 | 0.436
          104 | 0.432
           45 | 0.432
           78 | 0.429
         1252 | 0.429
          139 | 0.429
           48 | 0.421
          134 | 0.421
           39 | 0.415
           96 | 0.405
          116 | 0.400
         1450 | 0.400
           86 | 0.400
           89 | 0.395
          185 | 0.395
           83 | 0.394
          155 | 0.390
           59 | 0.389
          132 | 0.385
           95 | 0.385
           54 | 0.381
          138 | 0.378
          965 | 0.375
          157 | 0.371
          137 | 0.371
          166 | 0.368
           94 | 0.368
           82 | 0.366
          101 | 0.366
           75 | 0.366
           42 | 0.366
           71 | 0.361
          110 | 0.361
           65 | 0.361
          140 | 0.361
           55 | 0.361
           64 | 0.359
           40 | 0.357
           72 | 0.357
          176 | 0.353
           68 | 0.351
           92 | 0.351
           70 | 0.350
          100 | 0.344
          102 | 0.343
          130 | 0.343
          118 | 0.342
         1502 | 0.333
         1235 | 0.333
         1328 | 0.333
         1290 | 0.333
          991 | 0.333
         1448 | 0.333
         1293 | 0.333
         1310 | 0.333
           31 | 0.333
         1488 | 0.333
         1280 | 0.333
          103 | 0.333
         1037 | 0.333
         1226 | 0.333
         1300 | 0.333
         1353 | 0.333
         1079 | 0.333
         1427 | 0.333
          127 | 0.325
          258 | 0.324
          117 | 0.324
          121 | 0.324
           90 | 0.324
          136 | 0.324
           91 | 0.324
          124 | 0.316
          131 | 0.316
           84 | 0.316
          218 | 0.316
          215 | 0.314
           93 | 0.314
          113 | 0.314
          183 | 0.314
          159 | 0.314
          233 | 0.313
          181 | 0.313
           98 | 0.308
           77 | 0.308
          115 | 0.308
           62 | 0.306
           51 | 0.306
          141 | 0.303
          245 | 0.303
          594 | 0.300
          122 | 0.297
          212 | 0.297
          120 | 0.297
          129 | 0.297
           99 | 0.297
          205 | 0.294
          172 | 0.294
          581 | 0.290
           76 | 0.289
         1009 | 0.286
         1135 | 0.286
          927 | 0.286
          179 | 0.286
          169 | 0.286
          154 | 0.286
          954 | 0.286
         1007 | 0.286
          177 | 0.282
          111 | 0.278
          165 | 0.278
          321 | 0.276
          150 | 0.275
          112 | 0.275
          225 | 0.273
          182 | 0.273
          175 | 0.273
          984 | 0.273
          278 | 0.273
          230 | 0.270
          223 | 0.270
          126 | 0.270
          144 | 0.270
          297 | 0.267
          148 | 0.265
          146 | 0.265
          119 | 0.265
          128 | 0.263
          106 | 0.263
          135 | 0.263
          198 | 0.258
          292 | 0.258
          170 | 0.257
           81 | 0.256
          108 | 0.256
          641 | 0.250
         1439 | 0.250
         1351 | 0.250
          955 | 0.250
          254 | 0.250
         1169 | 0.250
          870 | 0.250
          486 | 0.250
         1362 | 0.250
         1392 | 0.250
         1212 | 0.250
         1363 | 0.250
         1220 | 0.250
         1134 | 0.250
         1335 | 0.250
         1415 | 0.250
         1180 | 0.250
         1354 | 0.250
         1137 | 0.250
          246 | 0.250
         1038 | 0.250
          178 | 0.250
         1156 | 0.250
          286 | 0.250
          952 | 0.250
         1241 | 0.250
          180 | 0.250
          123 | 0.244
          158 | 0.243
          390 | 0.243
          314 | 0.243
          107 | 0.243
          149 | 0.243
          190 | 0.242
          156 | 0.242
          633 | 0.238
          145 | 0.237
          164 | 0.237
          214 | 0.235
          295 | 0.235
          192 | 0.235
          312 | 0.235
          189 | 0.235
          133 | 0.235
          237 | 0.233
          241 | 0.233
          389 | 0.233
          500 | 0.233
          645 | 0.231
          125 | 0.231
          332 | 0.229
          196 | 0.229
          313 | 0.226
          227 | 0.226
          199 | 0.226
          411 | 0.226
          161 | 0.226
          267 | 0.226
           88 | 0.225
          999 | 0.222
          211 | 0.222
          302 | 0.222
          838 | 0.222
          405 | 0.222
          147 | 0.222
          763 | 0.222
         1103 | 0.222
          333 | 0.222
          236 | 0.222
          306 | 0.219
          294 | 0.219
          219 | 0.219
          361 | 0.219
          442 | 0.217
          216 | 0.216
          247 | 0.216
          114 | 0.216
          923 | 0.214
          171 | 0.212
          401 | 0.212
          342 | 0.212
          143 | 0.211
          105 | 0.211
          204 | 0.211
          264 | 0.211
          193 | 0.211
          162 | 0.211
          582 | 0.208
          536 | 0.207
          299 | 0.207
          355 | 0.206
          402 | 0.206
          229 | 0.206
          283 | 0.206
           87 | 0.205
         1417 | 0.200
         1151 | 0.200
         1350 | 0.200
          496 | 0.200
          795 | 0.200
          959 | 0.200
         1411 | 0.200
          195 | 0.200
         1078 | 0.200
          575 | 0.200
         1253 | 0.200
         1323 | 0.200
          379 | 0.200
          238 | 0.200
          638 | 0.200
          372 | 0.200
         1391 | 0.200
         1409 | 0.200
          511 | 0.200
          187 | 0.200
          958 | 0.200
          142 | 0.200
          675 | 0.200
         1129 | 0.200
         1349 | 0.200
         1219 | 0.200
         1279 | 0.200
         1275 | 0.200
          569 | 0.200
         1197 | 0.200
          331 | 0.194
          366 | 0.194
          310 | 0.194
          173 | 0.194
          226 | 0.194
          249 | 0.194
          265 | 0.194
          370 | 0.194
          614 | 0.192
          559 | 0.192
          453 | 0.192
          239 | 0.189
          243 | 0.189
          174 | 0.189
          186 | 0.189
          217 | 0.189
          311 | 0.189
          799 | 0.188
          937 | 0.188
          253 | 0.188
          516 | 0.188
          210 | 0.188
          503 | 0.188
          732 | 0.185
          289 | 0.185
          270 | 0.182
          431 | 0.182
         1157 | 0.182
          914 | 0.182
          290 | 0.182
         1013 | 0.182
          894 | 0.182
          316 | 0.182
          392 | 0.182
          275 | 0.182
          266 | 0.182
          269 | 0.182
          523 | 0.179
          367 | 0.179
          604 | 0.179
          781 | 0.176
          493 | 0.176
          152 | 0.176
          354 | 0.176
          257 | 0.176
          191 | 0.176
          273 | 0.176
          748 | 0.174
          574 | 0.174
          325 | 0.172
          308 | 0.172
          454 | 0.172
          318 | 0.172
          399 | 0.171
          472 | 0.171
          201 | 0.171
          293 | 0.171
          206 | 0.171
          881 | 0.167
          415 | 0.167
          200 | 0.167
          413 | 0.167
          562 | 0.167
          895 | 0.167
          821 | 0.167
          451 | 0.167
          507 | 0.167
         1246 | 0.167
         1005 | 0.167
          151 | 0.167
         1045 | 0.167
          335 | 0.167
          362 | 0.167
          263 | 0.167
         1136 | 0.167
          168 | 0.167
          320 | 0.167
          469 | 0.167
         1029 | 0.167
          373 | 0.167
          620 | 0.167
         1405 | 0.167
         1375 | 0.167
          649 | 0.167
         1438 | 0.167
          301 | 0.167
          408 | 0.167
          460 | 0.167
         1173 | 0.167
         1000 | 0.167
          203 | 0.162
          194 | 0.162
          255 | 0.162
          326 | 0.162
          153 | 0.162
          350 | 0.161
          381 | 0.161
          338 | 0.161
          542 | 0.161
          319 | 0.161
          291 | 0.161
          348 | 0.161
          424 | 0.161
          623 | 0.160
          471 | 0.160
          222 | 0.158
          280 | 0.156
          260 | 0.156
          346 | 0.156
          435 | 0.156
          395 | 0.156
          358 | 0.156
         1039 | 0.154
          642 | 0.154
          240 | 0.154
          436 | 0.154
          902 | 0.154
          404 | 0.152
          375 | 0.152
          406 | 0.152
          235 | 0.152
          437 | 0.152
          252 | 0.152
          244 | 0.152
          305 | 0.152
          538 | 0.152
          242 | 0.152
          817 | 0.150
          820 | 0.150
          425 | 0.148
          564 | 0.148
          586 | 0.148
          315 | 0.147
          261 | 0.147
          234 | 0.147
          284 | 0.147
          336 | 0.147
          221 | 0.147
          387 | 0.147
          349 | 0.147
         1107 | 0.143
         1261 | 0.143
         1121 | 0.143
         1390 | 0.143
          209 | 0.143
         1068 | 0.143
         1139 | 0.143
         1114 | 0.143
          459 | 0.143
          887 | 0.143
          360 | 0.143
          655 | 0.143
          961 | 0.143
         1074 | 0.143
         1234 | 0.143
         1162 | 0.143
          232 | 0.143
          534 | 0.143
          248 | 0.143
          779 | 0.143
         1262 | 0.143
          864 | 0.143
         1072 | 0.143
          862 | 0.143
          317 | 0.139
          197 | 0.139
          385 | 0.138
          440 | 0.138
          501 | 0.138
          556 | 0.138
          530 | 0.138
          592 | 0.138
          597 | 0.136
          777 | 0.136
          677 | 0.136
          433 | 0.136
          519 | 0.136
          377 | 0.135
          184 | 0.135
          304 | 0.135
          906 | 0.133
          907 | 0.133
          492 | 0.133
          920 | 0.133
          468 | 0.133
          309 | 0.133
          547 | 0.133
          455 | 0.133
          400 | 0.133
          188 | 0.132
          670 | 0.130
          529 | 0.130
          652 | 0.130
          443 | 0.129
          296 | 0.129
          475 | 0.129
          347 | 0.129
          441 | 0.129
          277 | 0.129
          279 | 0.129
          384 | 0.129
          262 | 0.128
          207 | 0.128
         1095 | 0.125
          595 | 0.125
          250 | 0.125
         1089 | 0.125
         1123 | 0.125
         1093 | 0.125
          844 | 0.125
         1014 | 0.125
          875 | 0.125
          912 | 0.125
         1058 | 0.125
          531 | 0.125
         1092 | 0.125
         1171 | 0.125
          696 | 0.125
         1020 | 0.125
          268 | 0.125
          925 | 0.125
          285 | 0.125
         1024 | 0.125
          359 | 0.125
          886 | 0.125
          231 | 0.125
          734 | 0.125
          863 | 0.125
          403 | 0.125
          749 | 0.125
          167 | 0.125
         1230 | 0.125
          971 | 0.125
          276 | 0.125
         1084 | 0.125
          610 | 0.125
         1199 | 0.125
         1152 | 0.125
         1286 | 0.125
          520 | 0.121
          357 | 0.121
          447 | 0.121
          208 | 0.121
          426 | 0.121
          374 | 0.121
          213 | 0.121
          228 | 0.121
          256 | 0.121
          438 | 0.120
          671 | 0.120
          323 | 0.120
          418 | 0.120
          600 | 0.120
          363 | 0.118
          480 | 0.118
          776 | 0.118
          271 | 0.118
          793 | 0.118
          417 | 0.118
          852 | 0.118
          890 | 0.118
          762 | 0.118
          259 | 0.118
          414 | 0.118
          836 | 0.118
          422 | 0.115
          678 | 0.115
          720 | 0.115
          491 | 0.115
          506 | 0.115
          588 | 0.115
          727 | 0.115
          461 | 0.114
          274 | 0.114
         1182 | 0.111
         1231 | 0.111
          580 | 0.111
         1030 | 0.111
          429 | 0.111
         1345 | 0.111
          878 | 0.111
          973 | 0.111
          561 | 0.111
          717 | 0.111
         1138 | 0.111
          572 | 0.111
          307 | 0.111
         1193 | 0.111
          554 | 0.111
          746 | 0.111
         1028 | 0.111
         1118 | 0.111
          537 | 0.111
          512 | 0.111
          893 | 0.111
         1175 | 0.111
          573 | 0.111
          526 | 0.111
          803 | 0.111
          324 | 0.108
          202 | 0.108
          220 | 0.108
          510 | 0.107
          605 | 0.107
          646 | 0.107
          627 | 0.107
          540 | 0.107
          508 | 0.107
          690 | 0.107
          811 | 0.105
          814 | 0.105
          790 | 0.105
          272 | 0.103
          524 | 0.103
          689 | 0.103
          535 | 0.103
          446 | 0.103
          450 | 0.103
          497 | 0.103
          160 | 0.103
          505 | 0.103
          412 | 0.103
          622 | 0.103
          557 | 0.103
          612 | 0.103
          932 | 0.100
         1176 | 0.100
         1011 | 0.100
          484 | 0.100
          785 | 0.100
          788 | 0.100
          420 | 0.100
         1100 | 0.100
          352 | 0.100
          566 | 0.100
         1034 | 0.100
          796 | 0.100
          378 | 0.100
         1143 | 0.100
          892 | 0.100
          694 | 0.100
         1064 | 0.100
          661 | 0.100
          621 | 0.100
          463 | 0.100
         1081 | 0.100
         1032 | 0.100
          995 | 0.100
          553 | 0.100
          859 | 0.100
          368 | 0.100
          423 | 0.097
          394 | 0.097
          353 | 0.097
          477 | 0.097
          409 | 0.097
          756 | 0.095
          665 | 0.095
          801 | 0.095
          769 | 0.095
          647 | 0.095
          747 | 0.095
          826 | 0.095
          816 | 0.095
          551 | 0.094
          504 | 0.094
          340 | 0.094
          563 | 0.094
          599 | 0.094
          329 | 0.094
          913 | 0.091
          380 | 0.091
          830 | 0.091
          396 | 0.091
          714 | 0.091
         1153 | 0.091
         1052 | 0.091
         1006 | 0.091
          698 | 0.091
          322 | 0.091
          951 | 0.091
          931 | 0.091
          808 | 0.091
          853 | 0.091
          427 | 0.091
          842 | 0.091
         1046 | 0.091
          739 | 0.091
          281 | 0.091
          699 | 0.091
          416 | 0.088
          488 | 0.088
          421 | 0.088
          330 | 0.088
          709 | 0.087
          758 | 0.087
          555 | 0.087
          744 | 0.087
          750 | 0.087
          509 | 0.087
          673 | 0.087
          780 | 0.087
          705 | 0.087
          608 | 0.087
          681 | 0.087
          351 | 0.086
          339 | 0.086
          410 | 0.086
          916 | 0.083
         1062 | 0.083
          944 | 0.083
          570 | 0.083
          668 | 0.083
          883 | 0.083
          282 | 0.083
          987 | 0.083
          741 | 0.083
          978 | 0.083
          794 | 0.083
          827 | 0.083
         1085 | 0.083
          910 | 0.083
         1076 | 0.083
          960 | 0.083
         1015 | 0.083
          682 | 0.083
          921 | 0.083
          327 | 0.081
          702 | 0.080
          637 | 0.080
          711 | 0.080
          706 | 0.080
          513 | 0.080
          631 | 0.080
          770 | 0.080
          866 | 0.077
          577 | 0.077
          810 | 0.077
          981 | 0.077
          723 | 0.077
          967 | 0.077
          691 | 0.077
          915 | 0.077
          934 | 0.077
          857 | 0.077
          457 | 0.077
          703 | 0.077
          947 | 0.077
          337 | 0.077
          514 | 0.077
          434 | 0.077
          539 | 0.077
          992 | 0.077
          686 | 0.077
          948 | 0.077
          583 | 0.077
          726 | 0.077
          667 | 0.077
          899 | 0.077
          745 | 0.074
          525 | 0.074
          560 | 0.074
          432 | 0.074
          485 | 0.074
          674 | 0.074
          644 | 0.074
          464 | 0.074
          449 | 0.074
          552 | 0.071
          880 | 0.071
          957 | 0.071
          663 | 0.071
         1019 | 0.071
          828 | 0.071
          841 | 0.071
          704 | 0.071
          897 | 0.071
          596 | 0.071
          888 | 0.071
          448 | 0.071
          850 | 0.071
          481 | 0.071
          636 | 0.069
          391 | 0.069
          489 | 0.069
          428 | 0.069
          452 | 0.069
          743 | 0.069
          833 | 0.067
          939 | 0.067
         1002 | 0.067
          847 | 0.067
          806 | 0.067
          590 | 0.067
          849 | 0.067
          499 | 0.067
          565 | 0.067
          543 | 0.067
          487 | 0.067
          517 | 0.067
          528 | 0.067
          976 | 0.067
          956 | 0.067
          929 | 0.067
          298 | 0.067
          388 | 0.067
          544 | 0.065
          456 | 0.065
          383 | 0.065
          466 | 0.065
          287 | 0.065
          328 | 0.065
          483 | 0.063
          341 | 0.063
          872 | 0.063
          876 | 0.063
          345 | 0.063
          858 | 0.063
          742 | 0.063
          950 | 0.063
          854 | 0.063
          490 | 0.063
          533 | 0.061
          371 | 0.061
          407 | 0.061
          470 | 0.061
          251 | 0.061
          343 | 0.061
          765 | 0.059
          767 | 0.059
          831 | 0.059
          303 | 0.059
          846 | 0.059
          476 | 0.059
          462 | 0.059
          807 | 0.059
          729 | 0.059
          376 | 0.057
          397 | 0.057
          288 | 0.056
          823 | 0.056
          789 | 0.056
          856 | 0.056
          774 | 0.056
          721 | 0.056
          775 | 0.056
          735 | 0.053
          479 | 0.053
          772 | 0.053
          783 | 0.053
          797 | 0.053
          815 | 0.053
          851 | 0.053
          832 | 0.053
          782 | 0.053
          707 | 0.050
          829 | 0.050
          802 | 0.050
          773 | 0.050
          757 | 0.050
          710 | 0.048
          834 | 0.048
          700 | 0.048
          688 | 0.048
          725 | 0.045
          632 | 0.045
          786 | 0.045
          550 | 0.045
          541 | 0.045
          719 | 0.045
          753 | 0.045
          659 | 0.045
          701 | 0.045
          761 | 0.045
          653 | 0.043
          712 | 0.043
          684 | 0.043
          495 | 0.043
          752 | 0.043
          680 | 0.043
          733 | 0.043
          778 | 0.043
          669 | 0.043
          654 | 0.043
          755 | 0.042
          805 | 0.042
          473 | 0.042
          300 | 0.042
          587 | 0.042
          615 | 0.042
          593 | 0.042
          658 | 0.042
          662 | 0.042
          585 | 0.042
          660 | 0.040
          764 | 0.040
          607 | 0.040
          617 | 0.040
          672 | 0.040
          738 | 0.040
          737 | 0.040
          467 | 0.038
          549 | 0.038
          571 | 0.038
          715 | 0.038
          693 | 0.038
          635 | 0.038
          602 | 0.038
          685 | 0.038
          683 | 0.038
          666 | 0.038
          634 | 0.038
          695 | 0.038
          474 | 0.037
          624 | 0.037
          676 | 0.037
          679 | 0.037
          527 | 0.037
          598 | 0.037
          578 | 0.036
          618 | 0.036
          568 | 0.036
          548 | 0.036
          458 | 0.036
          502 | 0.036
          444 | 0.036
          393 | 0.036
          419 | 0.036
          751 | 0.036
          640 | 0.036
          606 | 0.036
          576 | 0.034
          482 | 0.034
          611 | 0.034
          518 | 0.034
          656 | 0.034
          625 | 0.034
          364 | 0.034
          532 | 0.034
          708 | 0.034
          522 | 0.034
          697 | 0.033
          628 | 0.033
          619 | 0.033
          626 | 0.033
          601 | 0.032
          398 | 0.032
          430 | 0.032
          369 | 0.032
          651 | 0.032
          567 | 0.032
          639 | 0.032
          356 | 0.032
          382 | 0.032
          584 | 0.031
          365 | 0.031
          579 | 0.030
          224 | 0.030
          445 | 0.030
          344 | 0.029
          521 | 0.029
          494 | 0.029
          334 | 0.029
         1122 | 0.000
         1022 | 0.000
         1202 | 0.000
         1644 | 0.000
         1017 | 0.000
         1051 | 0.000
          643 | 0.000
          589 | 0.000
          889 | 0.000
         1343 | 0.000
         1491 | 0.000
         1484 | 0.000
         1460 | 0.000
         1211 | 0.000
         1355 | 0.000
         1242 | 0.000
          718 | 0.000
         1486 | 0.000
          609 | 0.000
         1236 | 0.000
          722 | 0.000
         1330 | 0.000
          896 | 0.000
          983 | 0.000
          822 | 0.000
         1516 | 0.000
         1106 | 0.000
          985 | 0.000
         1412 | 0.000
         1402 | 0.000
         1049 | 0.000
         1572 | 0.000
          930 | 0.000
          903 | 0.000
         1332 | 0.000
         1274 | 0.000
          855 | 0.000
         1443 | 0.000
          877 | 0.000
         1672 | 0.000
         1368 | 0.000
         1119 | 0.000
         1607 | 0.000
         1590 | 0.000
         1630 | 0.000
         1131 | 0.000
         1099 | 0.000
         1296 | 0.000
         1603 | 0.000
          871 | 0.000
         1551 | 0.000
         1224 | 0.000
         1529 | 0.000
         1133 | 0.000
         1422 | 0.000
         1631 | 0.000
          439 | 0.000
         1303 | 0.000
         1568 | 0.000
         1480 | 0.000
          515 | 0.000
         1372 | 0.000
          879 | 0.000
         1338 | 0.000
         1470 | 0.000
         1110 | 0.000
          977 | 0.000
          997 | 0.000
         1096 | 0.000
         1453 | 0.000
         1154 | 0.000
          986 | 0.000
         1376 | 0.000
         1346 | 0.000
         1306 | 0.000
         1141 | 0.000
         1429 | 0.000
         1067 | 0.000
          800 | 0.000
          891 | 0.000
          558 | 0.000
          885 | 0.000
         1670 | 0.000
         1385 | 0.000
         1414 | 0.000
         1647 | 0.000
         1463 | 0.000
          946 | 0.000
         1446 | 0.000
          835 | 0.000
          964 | 0.000
         1201 | 0.000
         1216 | 0.000
         1632 | 0.000
         1285 | 0.000
          970 | 0.000
         1458 | 0.000
         1066 | 0.000
          813 | 0.000
          819 | 0.000
         1247 | 0.000
         1325 | 0.000
         1132 | 0.000
         1164 | 0.000
         1374 | 0.000
         1528 | 0.000
          616 | 0.000
         1264 | 0.000
         1317 | 0.000
         1596 | 0.000
         1472 | 0.000
         1026 | 0.000
         1254 | 0.000
         1606 | 0.000
          629 | 0.000
         1287 | 0.000
         1025 | 0.000
         1366 | 0.000
         1507 | 0.000
          478 | 0.000
         1319 | 0.000
         1467 | 0.000
         1217 | 0.000
         1523 | 0.000
         1514 | 0.000
         1569 | 0.000
         1416 | 0.000
         1111 | 0.000
         1389 | 0.000
         1594 | 0.000
         1364 | 0.000
          648 | 0.000
         1112 | 0.000
         1117 | 0.000
         1090 | 0.000
         1380 | 0.000
          900 | 0.000
         1188 | 0.000
         1003 | 0.000
          861 | 0.000
          980 | 0.000
         1021 | 0.000
         1442 | 0.000
          812 | 0.000
         1320 | 0.000
         1204 | 0.000
         1214 | 0.000
          974 | 0.000
         1473 | 0.000
         1425 | 0.000
          839 | 0.000
         1065 | 0.000
         1408 | 0.000
          613 | 0.000
          650 | 0.000
          990 | 0.000
          936 | 0.000
         1166 | 0.000
          998 | 0.000
          754 | 0.000
         1097 | 0.000
         1582 | 0.000
         1295 | 0.000
         1352 | 0.000
         1144 | 0.000
         1260 | 0.000
          768 | 0.000
         1580 | 0.000
         1289 | 0.000
         1071 | 0.000
          860 | 0.000
         1365 | 0.000
         1600 | 0.000
         1576 | 0.000
         1120 | 0.000
         1108 | 0.000
         1146 | 0.000
          760 | 0.000
         1061 | 0.000
         1410 | 0.000
         1116 | 0.000
         1578 | 0.000
         1054 | 0.000
         1587 | 0.000
          969 | 0.000
          909 | 0.000
         1403 | 0.000
         1662 | 0.000
         1053 | 0.000
         1229 | 0.000
          905 | 0.000
         1348 | 0.000
         1060 | 0.000
          982 | 0.000
          771 | 0.000
         1401 | 0.000
         1259 | 0.000
         1465 | 0.000
         1266 | 0.000
         1048 | 0.000
         1043 | 0.000
         1371 | 0.000
         1314 | 0.000
         1187 | 0.000
         1283 | 0.000
         1269 | 0.000
          901 | 0.000
         1059 | 0.000
         1431 | 0.000
         1206 | 0.000
         1318 | 0.000
         1562 | 0.000
         1124 | 0.000
         1384 | 0.000
         1127 | 0.000
         1329 | 0.000
         1316 | 0.000
         1083 | 0.000
         1249 | 0.000
         1168 | 0.000
          792 | 0.000
          784 | 0.000
          867 | 0.000
         1177 | 0.000
         1466 | 0.000
          989 | 0.000
          972 | 0.000
         1326 | 0.000
          943 | 0.000
         1228 | 0.000
         1288 | 0.000
         1294 | 0.000
          926 | 0.000
          798 | 0.000
         1547 | 0.000
          874 | 0.000
         1101 | 0.000
         1302 | 0.000
         1160 | 0.000
          908 | 0.000
         1324 | 0.000
         1532 | 0.000
         1161 | 0.000
         1087 | 0.000
          630 | 0.000
         1420 | 0.000
         1209 | 0.000
         1080 | 0.000
         1356 | 0.000
         1012 | 0.000
         1601 | 0.000
         1586 | 0.000
         1172 | 0.000
         1113 | 0.000
         1256 | 0.000
         1149 | 0.000
         1297 | 0.000
         1404 | 0.000
         1685 | 0.000
          945 | 0.000
         1485 | 0.000
         1583 | 0.000
          975 | 0.000
         1593 | 0.000
         1307 | 0.000
         1393 | 0.000
         1277 | 0.000
         1196 | 0.000
          791 | 0.000
         1094 | 0.000
         1170 | 0.000
         1272 | 0.000
         1179 | 0.000
         1255 | 0.000
         1044 | 0.000
         1679 | 0.000
         1336 | 0.000
         1077 | 0.000
         1544 | 0.000
         1010 | 0.000
         1464 | 0.000
         1016 | 0.000
         1566 | 0.000
         1086 | 0.000
          924 | 0.000
          731 | 0.000
         1218 | 0.000
         1558 | 0.000
         1471 | 0.000
         1257 | 0.000
         1675 | 0.000
         1268 | 0.000
         1227 | 0.000
         1585 | 0.000
         1493 | 0.000
         1205 | 0.000
         1444 | 0.000
         1494 | 0.000
         1515 | 0.000
          884 | 0.000
          824 | 0.000
         1398 | 0.000
         1311 | 0.000
         1035 | 0.000
         1305 | 0.000
         1508 | 0.000
          873 | 0.000
         1147 | 0.000
         1189 | 0.000
         1284 | 0.000
          787 | 0.000
          911 | 0.000
         1192 | 0.000
         1334 | 0.000
          716 | 0.000
         1636 | 0.000
         1036 | 0.000
         1436 | 0.000
         1360 | 0.000
         1315 | 0.000
          657 | 0.000
         1245 | 0.000
         1455 | 0.000
          963 | 0.000
         1155 | 0.000
          993 | 0.000
         1445 | 0.000
         1395 | 0.000
         1145 | 0.000
         1239 | 0.000
         1540 | 0.000
          766 | 0.000
         1654 | 0.000
         1159 | 0.000
          933 | 0.000
         1278 | 0.000
         1126 | 0.000
         1503 | 0.000
         1570 | 0.000
          904 | 0.000
         1041 | 0.000
          840 | 0.000
         1421 | 0.000
         1456 | 0.000
         1482 | 0.000
         1208 | 0.000
         1237 | 0.000
          917 | 0.000
          713 | 0.000
         1589 | 0.000
         1158 | 0.000
         1641 | 0.000
         1088 | 0.000
         1424 | 0.000
         1688 | 0.000
         1195 | 0.000
         1454 | 0.000
         1538 | 0.000
          962 | 0.000
         1534 | 0.000
         1331 | 0.000
         1434 | 0.000
         1459 | 0.000
          740 | 0.000
          953 | 0.000
         1379 | 0.000
         1185 | 0.000
         1347 | 0.000
         1221 | 0.000
         1309 | 0.000
          664 | 0.000
         1070 | 0.000
         1191 | 0.000
         1042 | 0.000
         1167 | 0.000
         1468 | 0.000
          591 | 0.000
         1238 | 0.000
         1539 | 0.000
         1545 | 0.000
         1098 | 0.000
         1174 | 0.000
         1163 | 0.000
         1441 | 0.000
         1680 | 0.000
         1291 | 0.000
          845 | 0.000
         1541 | 0.000
         1614 | 0.000
         1369 | 0.000
         1075 | 0.000
         1659 | 0.000
         1165 | 0.000
         1490 | 0.000
         1248 | 0.000
         1440 | 0.000
         1419 | 0.000
         1476 | 0.000
         1069 | 0.000
         1462 | 0.000
         1004 | 0.000
         1250 | 0.000
          996 | 0.000
         1652 | 0.000
         1406 | 0.000
         1055 | 0.000
         1105 | 0.000
         1383 | 0.000
         1546 | 0.000
         1273 | 0.000
         1396 | 0.000
          942 | 0.000
         1399 | 0.000
         1299 | 0.000
         1423 | 0.000
         1413 | 0.000
         1008 | 0.000
          825 | 0.000
         1597 | 0.000
         1073 | 0.000
          724 | 0.000
         1388 | 0.000
         1178 | 0.000
         1483 | 0.000
          968 | 0.000
         1047 | 0.000
          882 | 0.000
         1210 | 0.000
          922 | 0.000
         1313 | 0.000
         1031 | 0.000
         1222 | 0.000
          386 | 0.000
         1142 | 0.000
         1033 | 0.000
         1125 | 0.000
          465 | 0.000
         1304 | 0.000
         1504 | 0.000
         1377 | 0.000
         1400 | 0.000
         1367 | 0.000
         1104 | 0.000
         1556 | 0.000
         1282 | 0.000
         1646 | 0.000
         1327 | 0.000
         1243 | 0.000
         1240 | 0.000
         1592 | 0.000
          949 | 0.000
         1115 | 0.000
         1308 | 0.000
         1469 | 0.000
         1198 | 0.000
         1337 | 0.000
         1339 | 0.000
         1190 | 0.000
          848 | 0.000
         1433 | 0.000
         1207 | 0.000
         1510 | 0.000
          940 | 0.000
         1437 | 0.000
          545 | 0.000
         1057 | 0.000
         1251 | 0.000
         1479 | 0.000
         1225 | 0.000
          918 | 0.000
         1492 | 0.000
         1200 | 0.000
         1109 | 0.000
         1130 | 0.000
         1298 | 0.000
          988 | 0.000
          898 | 0.000
         1511 | 0.000
         1554 | 0.000
         1426 | 0.000
         1498 | 0.000
         1244 | 0.000
         1581 | 0.000
         1040 | 0.000
         1263 | 0.000
         1598 | 0.000
         1373 | 0.000
          843 | 0.000
         1267 | 0.000
         1394 | 0.000
         1150 | 0.000
         1281 | 0.000
         1271 | 0.000
          938 | 0.000
         1050 | 0.000
         1063 | 0.000
         1023 | 0.000
         1140 | 0.000
         1591 | 0.000
         1518 | 0.000
         1312 | 0.000
         1513 | 0.000
         1571 | 0.000
         1194 | 0.000
         1428 | 0.000
         1588 | 0.000
         1690 | 0.000
         1322 | 0.000
          919 | 0.000
         1128 | 0.000
         1386 | 0.000
          687 | 0.000
         1342 | 0.000
         1344 | 0.000
         1418 | 0.000
         1301 | 0.000
         1407 | 0.000
         1213 | 0.000
         1738 | 0.000
         1341 | 0.000
         1270 | 0.000
          868 | 0.000
         1215 | 0.000
          730 | 0.000
         1223 | 0.000
         1232 | 0.000
         1500 | 0.000
         1358 | 0.000
         1276 | 0.000
         1595 | 0.000
         1082 | 0.000
         1258 | 0.000
         1501 | 0.000
         1432 | 0.000
          809 | 0.000
          865 | 0.000
         1359 | 0.000
          928 | 0.000
          728 | 0.000
         1449 | 0.000
         1233 | 0.000
          869 | 0.000
         1524 | 0.000
          837 | 0.000
         1265 | 0.000
         1018 | 0.000
         1599 | 0.000
         1517 | 0.000
         1091 | 0.000
          498 | 0.000
         1321 | 0.000
         1340 | 0.000
          979 | 0.000
          994 | 0.000
         1184 | 0.000
         1357 | 0.000
         1435 | 0.000
         1186 | 0.000
          692 | 0.000
         1387 | 0.000
         1292 | 0.000
          804 | 0.000
         1203 | 0.000
          818 | 0.000
         1602 | 0.000
         1613 | 0.000
          935 | 0.000
         1148 | 0.000
          603 | 0.000
         1506 | 0.000
         1378 | 0.000
         1536 | 0.000
         1001 | 0.000
          759 | 0.000
         1181 | 0.000
         1183 | 0.000
          941 | 0.000
          966 | 0.000
         1370 | 0.000
         1505 | 0.000
         1457 | 0.000
         1678 | 0.000
         1477 | 0.000
         1621 | 0.000
          736 | 0.000
         1549 | 0.000
         1533 | 0.000
         1626 | 0.000
          546 | 0.000
         1382 | 0.000
         1381 | 0.000
         1102 | 0.000
(1593 rows)

