[1] 58705    27
    overall_pick        war
1              1 21.2947368
2              2 12.6815789
3              3 12.2605263
4              4 11.7789474
5              5  8.7052632
6              6 12.5526316
7              7  6.9763158
8              8  6.2052632
9              9  6.6868421
10            10 10.4315789
11            11  3.1763158
12            12  7.3394737
13            13  6.8657895
14            14  6.4631579
15            15  5.9157895
16            16  6.6105263
17            17  5.7947368
18            18  2.9815789
19            19  7.3578947
20            20  9.8210526
21            21  3.7789474
22            22  9.8000000
23            23  4.0105263
24            24  3.0526316
25            25  3.4184211
26            26  3.5315789
27            27  1.8473684
28            28  3.1947368
29            29  5.4710526
30            30  8.2578947
31            31  3.8657895
32            32  2.3631579
33            33  1.4973684
34            34  2.5000000
35            35  4.2631579
36            36  3.9684211
37            37  4.2605263
38            38  3.4000000
39            39  5.6552632
40            40  1.5394737
41            41  2.4394737
42            42  2.0105263
43            43  1.3710526
44            44  2.2947368
45            45  0.7763158
46            46  4.1552632
47            47  4.5578947
48            48  3.8131579
49            49  4.9473684
50            50  4.6052632
51            51  2.0973684
52            52  1.5789474
53            53  3.2105263
54            54  2.5736842
55            55  2.4973684
56            56  3.2684211
57            57  3.1368421
58            58  5.2473684
59            59  1.0131579
60            60  2.1605263
61            61  1.3026316
62            62  1.5868421
63            63  3.3947368
64            64  1.9473684
65            65  2.0026316
66            66  1.4842105
67            67  5.9210526
68            68  1.5394737
69            69  2.9500000
70            70  1.3421053
71            71  3.9289474
72            72  4.0000000
73            73  1.2657895
74            74  3.4315789
75            75  3.0605263
76            76  2.9815789
77            77  0.1131579
78            78  0.7210526
79            79  1.8157895
80            80  1.8763158
81            81  0.7736842
82            82  1.1736842
83            83  1.5289474
84            84  1.8131579
85            85  2.2526316
86            86  2.7315789
87            87  1.0210526
88            88  0.7421053
89            89  4.3394737
90            90  3.0657895
91            91  1.0473684
92            92  1.1526316
93            93  1.1736842
94            94  1.9210526
95            95  0.3184211
96            96  3.5763158
97            97  1.3368421
98            98  1.4263158
99            99  2.7052632
100          100  1.6447368
(Intercept)    log_pick 
  3.3674925  -0.6342328 
[1] 177.9363
[1] 32.67651

Call:
lm(formula = model, data = picks)

Residuals:
     Min       1Q   Median       3Q      Max 
-2.79148 -0.30913 -0.00005  0.40634  1.07778 

Coefficients:
            Estimate Std. Error t value Pr(>|t|)    
(Intercept)  3.36749    0.23467   14.35   <2e-16 ***
log_pick    -0.63423    0.06253  -10.14   <2e-16 ***
---
Signif. codes:  0 ‘***’ 0.001 ‘**’ 0.01 ‘*’ 0.05 ‘.’ 0.1 ‘ ’ 1

Residual standard error: 0.5774 on 98 degrees of freedom
Multiple R-squared:  0.5121,	Adjusted R-squared:  0.5071 
F-statistic: 102.9 on 1 and 98 DF,  p-value: < 2.2e-16


Call:
lm(formula = model, data = picks)

Coefficients:
(Intercept)     log_pick  
     3.3675      -0.6342  

