BEGIN
CREATE TABLE
INSERT 0 921
 rk  |       school        | div |  str  | park  |  ofs  |  dfs  |  sos  
-----+---------------------+-----+-------+-------+-------+-------+-------
   1 | Texas A&M           |   1 | 2.575 | 0.992 | 1.429 | 0.555 | 1.127
   2 | Dallas Baptist      |   1 | 2.557 | 1.160 | 1.636 | 0.640 | 1.080
   3 | TCU                 |   1 | 2.523 | 0.945 | 1.285 | 0.509 | 1.125
   4 | Oklahoma St.        |   1 | 2.239 | 1.066 | 1.354 | 0.605 | 1.141
   5 | Fla. Atlantic       |   1 | 2.200 | 1.087 | 1.529 | 0.695 | 1.081
   6 | Vanderbilt          |   1 | 2.154 | 1.029 | 1.411 | 0.655 | 1.154
   7 | Miami (FL)          |   1 | 2.147 | 1.012 | 1.524 | 0.710 | 1.105
   8 | Florida             |   1 | 1.990 | 1.055 | 1.325 | 0.666 | 1.153
   9 | Maryland            |   1 | 1.988 | 1.022 | 1.487 | 0.748 | 1.045
  10 | UCLA                |   1 | 1.985 | 1.027 | 1.216 | 0.613 | 1.151
  11 | California          |   1 | 1.946 | 0.953 | 1.340 | 0.688 | 1.128
  12 | UC Santa Barbara    |   1 | 1.906 | 1.064 | 1.112 | 0.583 | 1.087
  13 | Texas               |   1 | 1.902 | 0.888 | 1.257 | 0.661 | 1.118
  14 | CSUN                |   1 | 1.876 | 1.077 | 1.039 | 0.554 | 1.058
  15 | Missouri St.        |   1 | 1.827 | 0.911 | 1.443 | 0.789 | 1.069
  16 | South Carolina      |   1 | 1.813 | 0.968 | 1.199 | 0.661 | 1.150
  17 | Indiana             |   1 | 1.778 | 1.015 | 1.193 | 0.671 | 1.103
  18 | Georgia Tech        |   1 | 1.764 | 1.079 | 1.427 | 0.809 | 1.110
  19 | Illinois            |   1 | 1.748 | 1.060 | 1.036 | 0.593 | 1.036
  20 | Bradley             |   1 | 1.726 | 0.992 | 1.124 | 0.651 | 1.025
  21 | Wright St.          |   1 | 1.716 | 0.948 | 1.203 | 0.701 | 1.000
  22 | Oregon St.          |   1 | 1.715 | 0.947 | 1.268 | 0.739 | 1.099
  23 | Southern California |   1 | 1.698 | 0.946 | 1.367 | 0.805 | 1.105
  24 | Missouri            |   1 | 1.690 | 1.045 | 0.919 | 0.543 | 1.142
  25 | Milwaukee           |   1 | 1.685 | 0.921 | 1.156 | 0.686 | 0.944
  26 | LSU                 |   1 | 1.684 | 1.018 | 1.229 | 0.730 | 1.092
  27 | Oklahoma            |   1 | 1.672 | 1.123 | 1.209 | 0.723 | 1.110
  28 | Notre Dame          |   1 | 1.655 | 1.030 | 1.182 | 0.714 | 1.068
  29 | San Diego St.       |   1 | 1.650 | 1.039 | 1.313 | 0.796 | 1.068
  30 | Arizona             |   1 | 1.621 | 1.203 | 1.249 | 0.770 | 1.096
  31 | Rice                |   1 | 1.617 | 0.934 | 1.426 | 0.882 | 1.126
  32 | UConn               |   1 | 1.616 | 0.943 | 1.094 | 0.677 | 1.033
  33 | Alabama             |   1 | 1.614 | 0.971 | 1.243 | 0.770 | 1.140
  34 | Tulane              |   1 | 1.608 | 0.909 | 1.014 | 0.631 | 1.084
  35 | Louisville          |   1 | 1.591 | 0.999 | 1.176 | 0.739 | 1.111
  36 | Nebraska            |   1 | 1.585 | 0.994 | 1.010 | 0.637 | 1.098
  37 | Iowa                |   1 | 1.580 | 0.961 | 1.034 | 0.654 | 1.034
  38 | Duke                |   1 | 1.575 | 0.953 | 1.052 | 0.668 | 1.069
  39 | San Diego           |   1 | 1.558 | 0.981 | 1.131 | 0.726 | 1.094
  40 | Florida St.         |   1 | 1.547 | 1.035 | 1.320 | 0.854 | 1.116
  40 | Memphis             |   1 | 1.547 | 0.994 | 1.063 | 0.687 | 1.020
  42 | UCF                 |   1 | 1.534 | 0.971 | 1.540 | 1.004 | 1.079
  43 | Arizona St.         |   1 | 1.526 | 1.092 | 1.201 | 0.787 | 1.167
  44 | Virginia            |   1 | 1.522 | 0.958 | 1.013 | 0.666 | 1.082
  45 | Cal St. Fullerton   |   1 | 1.516 | 0.989 | 1.090 | 0.718 | 1.136
  46 | Ohio St.            |   1 | 1.506 | 0.951 | 1.107 | 0.735 | 1.075
  47 | Auburn              |   1 | 1.500 | 1.055 | 1.180 | 0.787 | 1.167
  48 | Arkansas St.        |   1 | 1.491 | 0.895 | 1.107 | 0.742 | 1.058
  49 | West Virginia       |   1 | 1.486 | 1.057 | 1.247 | 0.839 | 1.109
  50 | Texas Tech          |   1 | 1.479 | 1.143 | 1.121 | 0.758 | 1.126
  51 | Clemson             |   1 | 1.476 | 1.017 | 1.183 | 0.801 | 1.113
  52 | Coastal Caro.       |   1 | 1.474 | 1.015 | 1.366 | 0.927 | 1.070
  53 | Tennessee           |   1 | 1.473 | 1.006 | 0.986 | 0.669 | 1.158
  54 | Ole Miss            |   1 | 1.463 | 0.956 | 1.207 | 0.825 | 1.207
  55 | Washington          |   1 | 1.434 | 0.915 | 1.033 | 0.721 | 1.095
  56 | Belmont             |   1 | 1.430 | 0.955 | 1.386 | 0.969 | 0.992
  57 | Kansas St.          |   1 | 1.427 | 1.028 | 1.189 | 0.833 | 1.154
  58 | Mississippi St.     |   1 | 1.426 | 0.975 | 1.151 | 0.807 | 1.140
  59 | Ball St.            |   1 | 1.422 | 1.098 | 1.072 | 0.754 | 0.981
  60 | Houston             |   1 | 1.407 | 0.979 | 1.189 | 0.845 | 1.088
  61 | La.-Lafayette       |   1 | 1.398 | 0.944 | 1.366 | 0.977 | 1.023
  61 | Oregon              |   1 | 1.398 | 0.881 | 1.213 | 0.867 | 1.096
  61 | UNCW                |   1 | 1.398 | 0.965 | 1.556 | 1.113 | 1.002
  64 | Campbell            |   1 | 1.379 | 1.046 | 1.132 | 0.821 | 1.034
  64 | Southern Miss.      |   1 | 1.379 | 1.021 | 1.010 | 0.732 | 1.044
  66 | Loyola Marymount    |   1 | 1.371 | 1.119 | 1.009 | 0.736 | 1.063
  67 | Long Beach St.      |   1 | 1.370 | 0.817 | 1.043 | 0.761 | 1.118
  68 | Kentucky            |   1 | 1.368 | 1.077 | 1.190 | 0.870 | 1.153
  69 | East Carolina       |   1 | 1.348 | 0.977 | 1.145 | 0.849 | 1.072
  70 | Nevada              |   1 | 1.343 | 1.165 | 1.224 | 0.911 | 1.024
  71 | North Florida       |   1 | 1.331 | 1.118 | 1.186 | 0.891 | 1.000
  72 | Georgia             |   1 | 1.330 | 1.025 | 1.099 | 0.827 | 1.153
  73 | UC Davis            |   1 | 1.329 | 0.877 | 1.267 | 0.953 | 1.034
  74 | UC Irvine           |   1 | 1.327 | 0.877 | 1.187 | 0.895 | 1.112
  75 | Central Ark.        |   1 | 1.325 | 1.065 | 1.149 | 0.867 | 0.998
  76 | Gonzaga             |   1 | 1.319 | 1.032 | 1.091 | 0.827 | 1.069
  76 | Houston Baptist     |   1 | 1.319 | 1.184 | 0.840 | 0.637 | 1.019
  78 | Fresno St.          |   1 | 1.316 | 1.011 | 1.080 | 0.820 | 1.104
  79 | North Carolina      |   1 | 1.314 | 1.025 | 1.319 | 1.004 | 1.111
  80 | Arkansas            |   1 | 1.287 | 1.057 | 1.067 | 0.829 | 1.127
  81 | Central Mich.       |   1 | 1.283 | 1.016 | 1.075 | 0.838 | 0.941
  82 | Michigan            |   1 | 1.281 | 0.924 | 1.132 | 0.884 | 1.046
  83 | Oral Roberts        |   1 | 1.280 | 0.916 | 1.212 | 0.947 | 1.002
  84 | Stanford            |   1 | 1.272 | 0.911 | 1.212 | 0.952 | 1.175
  85 | North Carolina St.  |   1 | 1.269 | 1.074 | 1.006 | 0.792 | 1.075
  86 | Indiana St.         |   1 | 1.268 | 1.040 | 0.978 | 0.771 | 1.079
  87 | Illinois St.        |   1 | 1.265 | 0.930 | 1.271 | 1.005 | 1.047
  88 | New Mexico          |   1 | 1.258 | 1.387 | 1.019 | 0.810 | 1.070
  89 | Liberty             |   1 | 1.256 | 1.015 | 1.114 | 0.887 | 1.063
  90 | Western Ky.         |   1 | 1.255 | 1.026 | 1.174 | 0.935 | 1.085
  91 | Southeastern La.    |   1 | 1.247 | 1.027 | 1.244 | 0.998 | 0.992
  92 | Wofford             |   1 | 1.241 | 1.047 | 1.199 | 0.966 | 0.948
  93 | UTSA                |   1 | 1.232 | 1.096 | 1.099 | 0.892 | 1.074
  94 | Akron               |   1 | 1.229 | 0.938 | 1.040 | 0.847 | 0.962
  95 | Texas-Arlington     |   1 | 1.227 | 0.908 | 1.120 | 0.913 | 1.100
  96 | Michigan St.        |   1 | 1.213 | 1.000 | 0.970 | 0.800 | 1.059
  97 | High Point          |   1 | 1.210 | 0.950 | 1.038 | 0.858 | 1.013
  98 | Lipscomb            |   1 | 1.209 | 1.029 | 0.990 | 0.819 | 1.002
  99 | Richmond            |   1 | 1.199 | 1.031 | 1.084 | 0.904 | 0.950
 100 | Grand Canyon        |   1 | 1.197 | 1.102 | 1.026 | 0.857 | 1.006
 101 | UAB                 |   1 | 1.191 | 0.985 | 0.913 | 0.766 | 1.069
 102 | Kennesaw St.        |   1 | 1.190 | 1.012 | 1.126 | 0.946 | 1.046
 103 | Saint Louis         |   1 | 1.172 | 1.016 | 1.107 | 0.944 | 0.953
 104 | FIU                 |   1 | 1.167 | 1.012 | 1.182 | 1.013 | 1.052
 105 | Ga. Southern        |   1 | 1.165 | 1.089 | 0.939 | 0.806 | 1.058
 106 | BYU                 |   1 | 1.163 | 1.295 | 1.073 | 0.922 | 1.069
 107 | Alabama St.         |   1 | 1.156 | 1.033 | 1.047 | 0.906 | 0.924
 107 | South Fla.          |   1 | 1.156 | 1.080 | 0.883 | 0.764 | 1.084
 109 | Creighton           |   1 | 1.151 | 0.967 | 1.006 | 0.874 | 1.004
 110 | Pepperdine          |   1 | 1.146 | 0.865 | 1.121 | 0.978 | 1.077
 111 | Santa Clara         |   1 | 1.142 | 0.985 | 1.071 | 0.938 | 1.070
 112 | Old Dominion        |   1 | 1.138 | 1.035 | 1.107 | 0.972 | 1.047
 112 | Troy                |   1 | 1.138 | 1.025 | 0.957 | 0.841 | 1.034
 114 | Presbyterian        |   1 | 1.135 | 1.022 | 1.010 | 0.890 | 1.027
 114 | McNeese St.         |   1 | 1.135 | 0.984 | 0.896 | 0.790 | 0.999
 116 | Kent St.            |   1 | 1.132 | 0.978 | 1.009 | 0.892 | 0.979
 117 | Southeast Mo. St.   |   1 | 1.120 | 1.049 | 1.151 | 1.027 | 0.977
 118 | San Francisco       |   1 | 1.119 | 1.045 | 0.954 | 0.853 | 1.082
 119 | Sacramento St.      |   1 | 1.116 | 0.954 | 0.930 | 0.833 | 0.972
 119 | Evansville          |   1 | 1.116 | 0.992 | 1.186 | 1.063 | 1.032
 121 | St. John's (NY)     |   1 | 1.115 | 1.022 | 0.995 | 0.892 | 0.943
 121 | St. Bonaventure     |   1 | 1.115 | 0.957 | 0.899 | 0.806 | 0.874
 123 | Jacksonville St.    |   1 | 1.107 | 1.007 | 1.169 | 1.056 | 0.957
 124 | Louisiana Tech      |   1 | 1.104 | 1.088 | 0.973 | 0.881 | 1.038
 125 | Stetson             |   1 | 1.095 | 1.020 | 1.050 | 0.959 | 1.021
 126 | Morehead St.        |   1 | 1.092 | 1.357 | 1.080 | 0.989 | 0.949
 127 | Citadel             |   1 | 1.091 | 0.931 | 1.252 | 1.148 | 1.016
 128 | Col. of Charleston  |   1 | 1.089 | 1.074 | 1.199 | 1.102 | 0.999
 129 | Georgia St.         |   1 | 1.088 | 1.183 | 1.048 | 0.963 | 1.016
 129 | Winthrop            |   1 | 1.088 | 0.941 | 1.079 | 0.992 | 0.986
 131 | Wake Forest         |   1 | 1.085 | 1.122 | 1.139 | 1.049 | 1.068
 132 | La.-Monroe          |   1 | 1.079 | 1.022 | 0.901 | 0.835 | 1.003
 132 | Tex.-Pan American   |   1 | 1.079 | 0.922 | 0.976 | 0.905 | 0.945
 134 | Sam Houston St.     |   1 | 1.077 | 1.004 | 1.007 | 0.935 | 1.015
 134 | Baylor              |   1 | 1.077 | 1.010 | 1.010 | 0.938 | 1.152
 136 | William & Mary      |   1 | 1.073 | 1.054 | 1.161 | 1.082 | 0.968
 137 | Middle Tenn.        |   1 | 1.068 | 1.056 | 0.973 | 0.911 | 1.063
 138 | A&M-Corpus Christi  |   1 | 1.065 | 1.019 | 0.977 | 0.918 | 0.985
 139 | South Ala.          |   1 | 1.060 | 1.052 | 0.823 | 0.776 | 1.034
 140 | Radford             |   1 | 1.046 | 1.109 | 0.954 | 0.911 | 0.995
 141 | Ohio                |   1 | 1.044 | 1.098 | 1.237 | 1.185 | 0.939
 142 | Holy Cross          |   1 | 1.043 | 0.916 | 1.175 | 1.127 | 0.959
 143 | UNLV                |   1 | 1.038 | 1.238 | 0.785 | 0.756 | 1.074
 144 | Furman              |   1 | 1.014 | 1.119 | 1.095 | 1.079 | 1.007
 145 | Appalachian St.     |   1 | 1.009 | 1.241 | 0.899 | 0.891 | 1.024
 146 | FGCU                |   1 | 1.007 | 0.925 | 1.063 | 1.056 | 1.037
 147 | Northwestern St.    |   1 | 1.006 | 0.898 | 0.938 | 0.933 | 0.989
 148 | St. Mary's (CA)     |   1 | 0.998 | 0.961 | 1.033 | 1.035 | 1.047
 149 | Eastern Mich.       |   1 | 0.995 | 0.941 | 0.866 | 0.870 | 1.022
 150 | Seton Hall          |   1 | 0.993 | 0.921 | 1.040 | 1.047 | 0.938
 151 | Charleston So.      |   1 | 0.991 | 1.094 | 1.079 | 1.088 | 1.009
 152 | La Salle            |   1 | 0.986 | 1.070 | 1.048 | 1.063 | 0.943
 153 | Purdue              |   1 | 0.979 | 0.936 | 1.050 | 1.072 | 1.077
 153 | Mercer              |   1 | 0.979 | 1.060 | 1.048 | 1.070 | 1.007
 155 | Gardner-Webb        |   1 | 0.976 | 1.030 | 0.847 | 0.868 | 0.978
 156 | Delaware            |   1 | 0.973 | 1.111 | 0.915 | 0.940 | 0.930
 157 | Charlotte           |   1 | 0.971 | 1.012 | 0.822 | 0.846 | 1.090
 158 | Pittsburgh          |   1 | 0.970 | 1.033 | 0.887 | 0.915 | 1.085
 159 | Dartmouth           |   1 | 0.967 | 0.957 | 1.044 | 1.080 | 0.969
 160 | Air Force           |   1 | 0.966 | 1.420 | 0.911 | 0.943 | 1.014
 160 | Utah                |   1 | 0.966 | 1.145 | 0.987 | 1.022 | 1.117
 162 | Penn St.            |   1 | 0.957 | 0.991 | 0.955 | 0.997 | 1.050
 162 | East Tenn. St.      |   1 | 0.957 | 1.190 | 1.029 | 1.075 | 0.994
 162 | Stony Brook         |   1 | 0.957 | 1.031 | 0.851 | 0.889 | 0.934
 165 | Elon                |   1 | 0.954 | 1.052 | 1.281 | 1.344 | 1.011
 165 | Virginia Tech       |   1 | 0.954 | 1.138 | 0.887 | 0.929 | 1.075
 167 | Samford             |   1 | 0.949 | 1.028 | 1.103 | 1.163 | 1.027
 168 | Longwood            |   1 | 0.946 | 0.985 | 0.927 | 0.980 | 0.981
 169 | Western Caro.       |   1 | 0.937 | 1.221 | 0.969 | 1.034 | 1.013
 170 | Columbia            |   1 | 0.932 | 1.008 | 0.973 | 1.044 | 0.935
 171 | Davidson            |   1 | 0.927 | 1.095 | 1.031 | 1.113 | 1.013
 172 | George Mason        |   1 | 0.922 | 0.959 | 0.991 | 1.075 | 0.923
 172 | Rhode Island        |   1 | 0.922 | 0.889 | 0.820 | 0.889 | 0.950
 174 | Bryant              |   1 | 0.916 | 0.924 | 1.061 | 1.158 | 0.863
 175 | Tennessee Tech      |   1 | 0.912 | 1.127 | 1.037 | 1.137 | 0.967
 176 | Kansas              |   1 | 0.911 | 1.079 | 1.048 | 1.150 | 1.145
 176 | George Washington   |   1 | 0.911 | 0.965 | 0.983 | 1.079 | 0.905
 178 | VMI                 |   1 | 0.910 | 1.154 | 0.920 | 1.011 | 0.988
 179 | UMBC                |   1 | 0.906 | 1.119 | 0.809 | 0.893 | 0.885
 180 | UC Riverside        |   1 | 0.903 | 1.104 | 0.835 | 0.925 | 1.077
 181 | Navy                |   1 | 0.902 | 0.899 | 0.869 | 0.964 | 0.838
 182 | Omaha               |   1 | 0.901 | 1.105 | 0.895 | 0.993 | 0.943
 183 | Nicholls St.        |   1 | 0.900 | 0.889 | 0.694 | 0.770 | 1.006
 184 | Rider               |   1 | 0.897 | 0.950 | 0.939 | 1.046 | 0.913
 185 | Ark.-Pine Bluff     |   1 | 0.896 | 1.027 | 0.949 | 1.059 | 0.844
 186 | Lamar               |   1 | 0.893 | 0.897 | 1.028 | 1.151 | 0.973
 187 | Savannah St.        |   1 | 0.886 | 0.971 | 0.875 | 0.987 | 0.892
 188 | Valparaiso          |   1 | 0.884 | 0.896 | 0.979 | 1.107 | 1.007
 189 | Wichita St.         |   1 | 0.883 | 0.971 | 0.991 | 1.122 | 1.130
 190 | Alabama A&M         |   1 | 0.882 | 1.061 | 1.039 | 1.177 | 0.913
 191 | Austin Peay         |   1 | 0.880 | 1.119 | 0.916 | 1.042 | 0.962
 191 | IPFW                |   1 | 0.880 | 1.072 | 1.066 | 1.211 | 0.910
 193 | Army                |   1 | 0.877 | 0.985 | 0.821 | 0.936 | 0.884
 194 | Northeastern        |   1 | 0.873 | 0.838 | 0.863 | 0.989 | 0.924
 195 | Jacksonville        |   1 | 0.872 | 1.048 | 0.943 | 1.081 | 0.972
 196 | Washington St.      |   1 | 0.870 | 1.101 | 0.837 | 0.963 | 1.088
 197 | Xavier              |   1 | 0.869 | 0.977 | 0.873 | 1.004 | 1.009
 198 | Maine               |   1 | 0.867 | 0.889 | 1.053 | 1.214 | 0.961
 199 | Butler              |   1 | 0.858 | 1.002 | 1.069 | 1.245 | 0.971
 200 | Fordham             |   1 | 0.850 | 0.945 | 0.992 | 1.167 | 0.960
 201 | Cornell             |   1 | 0.845 | 0.886 | 0.737 | 0.872 | 0.888
 201 | Hartford            |   1 | 0.845 | 0.947 | 0.891 | 1.055 | 0.934
 203 | Hawaii              |   1 | 0.842 | 0.845 | 0.918 | 1.090 | 1.085
 204 | Boston College      |   1 | 0.840 | 0.983 | 0.926 | 1.102 | 1.076
 205 | Seattle             |   1 | 0.838 | 0.931 | 0.828 | 0.988 | 0.971
 206 | San Jose St.        |   1 | 0.836 | 0.938 | 0.852 | 1.019 | 1.057
 207 | Ill.-Chicago        |   1 | 0.834 | 0.967 | 1.055 | 1.265 | 1.005
 208 | Bakersfield         |   1 | 0.830 | 1.066 | 0.860 | 1.037 | 0.974
 208 | Abilene Christian   |   1 | 0.830 | 0.954 | 0.856 | 1.031 | 1.053
 210 | Youngstown St.      |   1 | 0.824 | 0.974 | 1.108 | 1.344 | 1.021
 211 | Utah Valley         |   1 | 0.822 | 1.362 | 0.954 | 1.160 | 0.981
 212 | South Dakota St.    |   1 | 0.815 | 1.063 | 0.989 | 1.214 | 0.889
 213 | Texas Southern      |   1 | 0.814 | 1.092 | 0.738 | 0.907 | 0.894
 214 | Central Conn. St.   |   1 | 0.811 | 1.010 | 0.769 | 0.948 | 0.859
 215 | UNC Greensboro      |   1 | 0.809 | 1.099 | 0.987 | 1.221 | 1.000
 216 | LIU Brooklyn        |   1 | 0.802 | 0.905 | 0.848 | 1.057 | 0.853
 217 | Rutgers             |   1 | 0.798 | 0.932 | 1.019 | 1.277 | 1.054
 218 | Western Mich.       |   1 | 0.797 | 0.941 | 0.907 | 1.138 | 0.946
 219 | Minnesota           |   1 | 0.794 | 0.897 | 0.915 | 1.153 | 1.060
 219 | Texas St.           |   1 | 0.794 | 1.040 | 0.895 | 1.128 | 1.080
 221 | Cal Poly            |   1 | 0.793 | 0.957 | 0.900 | 1.135 | 1.088
 222 | Binghamton          |   1 | 0.791 | 1.011 | 0.997 | 1.260 | 0.936
 223 | Saint Joseph's      |   1 | 0.788 | 1.016 | 0.781 | 0.990 | 0.944
 223 | Georgetown          |   1 | 0.788 | 0.990 | 0.771 | 0.978 | 0.932
 225 | Portland            |   1 | 0.786 | 0.895 | 0.827 | 1.053 | 1.060
 225 | Northwestern        |   1 | 0.786 | 0.941 | 0.937 | 1.191 | 1.060
 227 | Yale                |   1 | 0.785 | 0.932 | 1.196 | 1.525 | 0.893
 228 | SIUE                |   1 | 0.784 | 0.948 | 0.931 | 1.187 | 0.978
 229 | UALR                |   1 | 0.782 | 1.059 | 0.739 | 0.946 | 1.068
 230 | VCU                 |   1 | 0.775 | 0.990 | 0.720 | 0.929 | 0.951
 231 | USC Upstate         |   1 | 0.774 | 1.096 | 0.983 | 1.269 | 1.011
 232 | Cincinnati          |   1 | 0.765 | 1.094 | 0.908 | 1.186 | 1.110
 232 | Bucknell            |   1 | 0.765 | 0.926 | 0.915 | 1.196 | 0.917
 234 | UMass Lowell        |   1 | 0.761 | 0.844 | 0.896 | 1.177 | 0.931
 235 | Jackson St.         |   1 | 0.758 | 0.951 | 1.171 | 1.544 | 0.842
 236 | Northern Ill.       |   1 | 0.757 | 1.025 | 0.848 | 1.120 | 0.975
 237 | Canisius            |   1 | 0.756 | 1.069 | 0.985 | 1.303 | 0.889
 238 | Toledo              |   1 | 0.755 | 1.001 | 0.740 | 0.980 | 1.006
 239 | Bowling Green       |   1 | 0.752 | 1.100 | 0.916 | 1.217 | 0.977
 240 | Harvard             |   1 | 0.744 | 0.956 | 0.823 | 1.105 | 0.925
 241 | Marist              |   1 | 0.740 | 0.877 | 0.848 | 1.146 | 0.864
 242 | Albany (NY)         |   1 | 0.739 | 1.062 | 0.871 | 1.179 | 0.932
 243 | Miami (OH)          |   1 | 0.732 | 1.025 | 0.748 | 1.021 | 0.999
 244 | Lehigh              |   1 | 0.726 | 0.878 | 0.961 | 1.324 | 0.877
 245 | Monmouth            |   1 | 0.716 | 0.870 | 0.674 | 0.941 | 0.903
 246 | North Dakota St.    |   1 | 0.710 | 0.962 | 0.849 | 1.196 | 0.926
 247 | Oakland             |   1 | 0.709 | 1.074 | 0.923 | 1.302 | 1.049
 247 | UNC Asheville       |   1 | 0.709 | 1.126 | 0.831 | 1.172 | 1.021
 249 | Northern Ky.        |   1 | 0.708 | 0.989 | 0.873 | 1.233 | 0.998
 249 | Marshall            |   1 | 0.708 | 1.099 | 0.853 | 1.205 | 1.025
 251 | NJIT                |   1 | 0.703 | 0.963 | 0.826 | 1.175 | 0.824
 252 | Murray St.          |   1 | 0.699 | 1.047 | 0.815 | 1.166 | 0.952
 253 | Villanova           |   1 | 0.696 | 0.930 | 0.837 | 1.204 | 0.937
 254 | New Mexico St.      |   1 | 0.680 | 1.459 | 0.865 | 1.272 | 0.973
 255 | Massachusetts       |   1 | 0.664 | 1.096 | 0.754 | 1.135 | 0.954
 256 | N.C. Central        |   1 | 0.660 | 0.973 | 0.639 | 0.967 | 0.901
 257 | New Orleans         |   1 | 0.657 | 1.046 | 0.745 | 1.135 | 0.990
 257 | Stephen F. Austin   |   1 | 0.657 | 0.899 | 0.767 | 1.166 | 1.025
 259 | Eastern Ky.         |   1 | 0.652 | 1.118 | 0.859 | 1.316 | 0.935
 260 | Incarnate Word      |   1 | 0.646 | 1.029 | 0.796 | 1.232 | 0.989
 261 | Dayton              |   1 | 0.643 | 1.053 | 0.846 | 1.316 | 0.952
 262 | NYIT                |   1 | 0.641 | 0.991 | 0.843 | 1.316 | 0.896
 263 | Southern Ill.       |   1 | 0.640 | 1.001 | 0.724 | 1.131 | 1.087
 263 | Pacific             |   1 | 0.640 | 0.941 | 0.871 | 1.361 | 1.069
 263 | Chicago St.         |   1 | 0.640 | 0.960 | 0.844 | 1.319 | 0.961
 266 | Florida A&M         |   1 | 0.639 | 1.012 | 0.783 | 1.225 | 0.894
 267 | James Madison       |   1 | 0.638 | 1.147 | 0.894 | 1.402 | 0.957
 268 | Hofstra             |   1 | 0.635 | 1.064 | 0.996 | 1.569 | 0.931
 268 | Siena               |   1 | 0.635 | 0.869 | 0.697 | 1.096 | 0.906
 270 | Quinnipiac          |   1 | 0.634 | 1.028 | 0.720 | 1.135 | 0.901
 271 | Western Ill.        |   1 | 0.632 | 0.972 | 0.789 | 1.247 | 0.999
 272 | Brown               |   1 | 0.623 | 1.053 | 1.094 | 1.757 | 0.932
 273 | North Dakota        |   1 | 0.618 | 0.957 | 0.858 | 1.388 | 0.942
 274 | Lafayette           |   1 | 0.610 | 1.093 | 0.764 | 1.252 | 0.927
 275 | Wagner              |   1 | 0.608 | 0.906 | 0.734 | 1.207 | 0.856
 275 | Fairfield           |   1 | 0.608 | 0.971 | 0.807 | 1.327 | 0.897
 277 | Princeton           |   1 | 0.603 | 0.828 | 0.849 | 1.407 | 0.957
 278 | Manhattan           |   1 | 0.586 | 0.917 | 0.690 | 1.177 | 0.878
 279 | Niagara             |   1 | 0.582 | 0.949 | 0.887 | 1.523 | 0.857
 280 | Bethune-Cookman     |   1 | 0.581 | 0.987 | 0.763 | 1.313 | 0.969
 281 | Penn                |   1 | 0.573 | 0.969 | 0.744 | 1.299 | 0.894
 281 | Northern Colo.      |   1 | 0.573 | 1.325 | 0.805 | 1.405 | 0.944
 283 | UT Martin           |   1 | 0.564 | 1.119 | 0.717 | 1.273 | 0.974
 284 | Buffalo             |   1 | 0.553 | 1.017 | 0.751 | 1.356 | 0.955
 285 | Iona                |   1 | 0.551 | 0.960 | 0.682 | 1.238 | 0.900
 286 | Grambling           |   1 | 0.549 | 1.086 | 0.885 | 1.613 | 0.896
 287 | Mississippi Val.    |   1 | 0.547 | 1.001 | 0.827 | 1.513 | 0.930
 288 | Norfolk St.         |   1 | 0.541 | 0.867 | 0.843 | 1.558 | 0.780
 289 | Eastern Ill.        |   1 | 0.527 | 1.022 | 0.726 | 1.377 | 0.994
 290 | Prairie View        |   1 | 0.510 | 1.061 | 0.874 | 1.716 | 0.859
 291 | Delaware St.        |   1 | 0.506 | 1.100 | 0.867 | 1.711 | 0.793
 292 | UMES                |   1 | 0.503 | 1.050 | 0.556 | 1.105 | 0.828
 293 | Fairleigh Dickinson |   1 | 0.480 | 0.994 | 0.748 | 1.558 | 0.837
 294 | Mt. St. Mary's      |   1 | 0.479 | 1.090 | 0.700 | 1.460 | 0.880
 295 | Southern U.         |   1 | 0.461 | 0.986 | 0.627 | 1.361 | 0.886
 296 | Saint Peter's       |   1 | 0.451 | 1.060 | 0.634 | 1.406 | 0.873
 297 | Towson              |   1 | 0.435 | 1.084 | 0.690 | 1.586 | 0.949
 298 | N.C. A&T            |   1 | 0.412 | 1.027 | 0.731 | 1.773 | 0.905
 299 | Alcorn              |   1 | 0.410 | 1.081 | 0.743 | 1.813 | 0.956
 300 | Sacred Heart        |   1 | 0.399 | 0.925 | 0.568 | 1.421 | 0.885
 301 | Coppin St.          |   1 | 0.350 | 0.991 | 0.668 | 1.908 | 0.830
(301 rows)

 rk  |        school        | div |  str  | park  |  ofs  |  dfs  |  sos  
-----+----------------------+-----+-------+-------+-------+-------+-------
   1 | Franklin Pierce      |   2 | 1.904 | 1.060 | 1.410 | 0.449 | 0.792
   2 | Florida Tech         |   2 | 1.679 | 0.955 | 1.653 | 0.597 | 0.897
   3 | Nova Southeastern    |   2 | 1.529 | 1.063 | 1.470 | 0.583 | 0.945
   4 | Catawba              |   2 | 1.525 | 1.143 | 1.494 | 0.594 | 0.869
   5 | Columbus St.         |   2 | 1.470 | 0.955 | 1.727 | 0.712 | 0.917
   6 | Mercyhurst           |   2 | 1.354 | 0.720 | 1.474 | 0.660 | 0.798
   7 | Saint Leo            |   2 | 1.350 | 1.097 | 1.621 | 0.728 | 0.906
   8 | Southern N.H.        |   2 | 1.346 | 0.947 | 1.304 | 0.587 | 0.832
   9 | West Ala.            |   2 | 1.271 | 0.876 | 1.441 | 0.687 | 0.882
  10 | Lynn                 |   2 | 1.214 | 1.131 | 1.345 | 0.672 | 0.942
  11 | North Georgia        |   2 | 1.201 | 1.038 | 1.287 | 0.649 | 0.896
  12 | Angelo St.           |   2 | 1.155 | 0.954 | 1.265 | 0.664 | 0.855
  13 | Ala.-Huntsville      |   2 | 1.140 | 1.017 | 1.141 | 0.607 | 0.837
  14 | Erskine              |   2 | 1.138 | 1.054 | 1.356 | 0.722 | 0.790
  15 | St. Cloud St.        |   2 | 1.117 | 0.887 | 1.366 | 0.741 | 0.706
  16 | East Stroudsburg     |   2 | 1.114 | 0.889 | 1.347 | 0.733 | 0.786
  17 | Millersville         |   2 | 1.102 | 0.850 | 1.239 | 0.681 | 0.804
  18 | Delta St.            |   2 | 1.100 | 1.009 | 1.371 | 0.756 | 0.913
  19 | West Ga.             |   2 | 1.099 | 0.938 | 1.286 | 0.709 | 0.857
  20 | UC San Diego         |   2 | 1.091 | 0.956 | 1.153 | 0.640 | 0.832
  21 | Shepherd             |   2 | 1.087 | 0.983 | 1.169 | 0.652 | 0.724
  22 | Colorado Mesa        |   2 | 1.069 | 1.144 | 1.359 | 0.771 | 0.819
  23 | Tampa                |   2 | 1.066 | 1.098 | 1.383 | 0.786 | 0.930
  24 | Flagler              |   2 | 1.052 | 0.999 | 1.141 | 0.658 | 0.922
  25 | West Florida         |   2 | 1.049 | 0.912 | 1.235 | 0.714 | 0.911
  26 | Henderson St.        |   2 | 1.046 | 0.971 | 1.214 | 0.704 | 0.861
  27 | Cal Poly Pomona      |   2 | 1.041 | 0.959 | 1.064 | 0.620 | 0.830
  28 | Colorado St.-Pueblo  |   2 | 1.027 | 1.093 | 1.143 | 0.675 | 0.810
  29 | S.C. Aiken           |   2 | 1.017 | 1.105 | 1.407 | 0.839 | 0.908
  30 | Lander               |   2 | 1.008 | 0.994 | 1.513 | 0.910 | 0.923
  31 | Mount Olive          |   2 | 1.005 | 1.039 | 1.593 | 0.961 | 0.843
  32 | Ouachita Baptist     |   2 | 0.985 | 0.924 | 1.351 | 0.832 | 0.895
  33 | Mo. Western St.      |   2 | 0.980 | 0.928 | 1.212 | 0.750 | 0.841
  34 | Georgia College      |   2 | 0.978 | 1.104 | 1.296 | 0.803 | 0.936
  35 | Palm Beach Atl.      |   2 | 0.973 | 1.139 | 1.389 | 0.866 | 1.015
  36 | Southern Ark.        |   2 | 0.971 | 1.042 | 1.220 | 0.762 | 0.879
  37 | Valdosta St.         |   2 | 0.968 | 0.923 | 1.450 | 0.908 | 0.876
  38 | Armstrong            |   2 | 0.964 | 1.046 | 1.293 | 0.813 | 0.836
  39 | Kutztown             |   2 | 0.961 | 0.900 | 1.181 | 0.745 | 0.791
  40 | Azusa Pacific        |   2 | 0.959 | 0.999 | 1.414 | 0.894 | 0.829
  41 | Spring Hill          |   2 | 0.950 | 0.992 | 1.537 | 0.981 | 0.667
  42 | St. Mary's (TX)      |   2 | 0.944 | 0.889 | 1.161 | 0.746 | 0.777
  43 | UNC Pembroke         |   2 | 0.941 | 1.012 | 1.612 | 1.038 | 0.881
  44 | Mo. Southern St.     |   2 | 0.927 | 1.023 | 1.280 | 0.837 | 0.815
  45 | Arkansas Tech        |   2 | 0.925 | 1.075 | 1.395 | 0.914 | 0.903
  46 | Lincoln Memorial     |   2 | 0.919 | 1.194 | 1.311 | 0.864 | 0.830
  47 | Emporia St.          |   2 | 0.916 | 1.058 | 1.535 | 1.016 | 0.839
  48 | Quincy               |   2 | 0.895 | 0.944 | 1.420 | 0.962 | 0.820
  49 | North Ala.           |   2 | 0.885 | 1.051 | 1.186 | 0.812 | 0.828
  50 | Seton Hill           |   2 | 0.881 | 0.886 | 1.338 | 0.920 | 0.795
  51 | Washburn             |   2 | 0.873 | 0.975 | 1.308 | 0.908 | 0.848
  52 | Dixie St.            |   2 | 0.871 | 1.160 | 1.137 | 0.791 | 0.816
  53 | Lenoir-Rhyne         |   2 | 0.868 | 1.173 | 1.134 | 0.792 | 0.879
  54 | Cal St. Monterey Bay |   2 | 0.866 | 1.051 | 1.135 | 0.795 | 0.834
  55 | Wingate              |   2 | 0.864 | 1.152 | 1.506 | 1.057 | 0.885
  56 | Harding              |   2 | 0.862 | 0.865 | 1.046 | 0.736 | 0.904
  57 | Winston-Salem        |   2 | 0.836 | 1.015 | 1.047 | 0.759 | 0.803
  58 | Mo.-St. Louis        |   2 | 0.835 | 0.932 | 1.108 | 0.805 | 0.815
  59 | Tusculum             |   2 | 0.834 | 1.044 | 1.159 | 0.843 | 0.894
  60 | William Jewell       |   2 | 0.829 | 0.880 | 1.156 | 0.845 | 0.826
  61 | Fresno Pacific       |   2 | 0.823 | 0.869 | 1.012 | 0.745 | 0.804
  62 | Eckerd               |   2 | 0.818 | 1.125 | 1.066 | 0.789 | 0.971
  62 | Minn. St. Mankato    |   2 | 0.818 | 0.993 | 1.273 | 0.944 | 0.730
  64 | West Tex. A&M        |   2 | 0.816 | 1.165 | 0.939 | 0.698 | 0.845
  65 | Lindenwood (MO)      |   2 | 0.813 | 0.940 | 1.435 | 1.071 | 0.865
  66 | East Central         |   2 | 0.811 | 1.061 | 1.408 | 1.053 | 0.846
  67 | Ark.-Monticello      |   2 | 0.809 | 0.977 | 1.168 | 0.874 | 0.878
  68 | Stonehill            |   2 | 0.806 | 0.936 | 1.314 | 0.989 | 0.807
  69 | Truman               |   2 | 0.798 | 0.942 | 1.327 | 1.008 | 0.815
  70 | Wilmington (DE)      |   2 | 0.794 | 1.011 | 0.995 | 0.760 | 0.787
  71 | Fla. Southern        |   2 | 0.793 | 1.040 | 1.384 | 1.058 | 0.955
  72 | Newberry             |   2 | 0.792 | 1.002 | 1.120 | 0.857 | 0.875
  73 | St. Edward's         |   2 | 0.787 | 1.008 | 1.119 | 0.862 | 0.810
  74 | Saginaw Valley       |   2 | 0.785 | 0.865 | 1.108 | 0.856 | 0.775
  75 | Francis Marion       |   2 | 0.773 | 0.910 | 1.558 | 1.222 | 0.859
  76 | Ashland              |   2 | 0.769 | 0.962 | 1.072 | 0.845 | 0.784
  77 | New Haven            |   2 | 0.766 | 0.809 | 1.282 | 1.014 | 0.817
  78 | Barry                |   2 | 0.763 | 1.100 | 1.155 | 0.917 | 0.965
  79 | Carson-Newman        |   2 | 0.760 | 1.136 | 0.943 | 0.753 | 0.867
  80 | Neb.-Kearney         |   2 | 0.758 | 1.028 | 1.314 | 1.050 | 0.828
  81 | Northeastern St.     |   2 | 0.757 | 1.063 | 0.972 | 0.778 | 0.795
  82 | Slippery Rock        |   2 | 0.750 | 0.948 | 1.323 | 1.069 | 0.809
  83 | Augustana (SD)       |   2 | 0.741 | 0.974 | 0.944 | 0.773 | 0.735
  83 | Barton               |   2 | 0.741 | 1.102 | 1.086 | 0.889 | 0.818
  85 | Lee                  |   2 | 0.740 | 0.865 | 1.006 | 0.823 | 0.836
  86 | Drury                |   2 | 0.738 | 1.051 | 1.054 | 0.866 | 0.870
  87 | St. Joseph's (IN)    |   2 | 0.730 | 0.944 | 0.895 | 0.743 | 0.823
  88 | West Virginia St.    |   2 | 0.725 | 0.948 | 1.257 | 1.052 | 0.733
  89 | Tex. A&M-Kingsville  |   2 | 0.722 | 0.900 | 1.032 | 0.867 | 0.877
  90 | Hawaii Pacific       |   2 | 0.721 | 1.053 | 1.090 | 0.916 | 0.773
  91 | California Baptist   |   2 | 0.717 | 0.993 | 0.970 | 0.820 | 0.840
  92 | Indiana (PA)         |   2 | 0.713 | 1.016 | 0.946 | 0.804 | 0.850
  93 | Missouri S&T         |   2 | 0.712 | 0.989 | 1.052 | 0.896 | 0.856
  94 | Wayne St. (MI)       |   2 | 0.709 | 0.953 | 1.151 | 0.984 | 0.789
  95 | Mercy                |   2 | 0.701 | 0.985 | 1.042 | 0.902 | 0.808
  96 | Merrimack            |   2 | 0.700 | 0.980 | 1.099 | 0.952 | 0.833
  97 | Anderson (SC)        |   2 | 0.699 | 1.104 | 1.170 | 1.014 | 0.887
  97 | Shorter              |   2 | 0.699 | 0.972 | 1.213 | 1.051 | 0.860
  99 | Mont. St. Billings   |   2 | 0.698 | 1.237 | 1.245 | 1.081 | 0.785
 100 | West Liberty         |   2 | 0.691 | 1.004 | 0.779 | 0.684 | 0.735
 100 | Montevallo           |   2 | 0.691 | 1.086 | 1.041 | 0.914 | 0.907
 102 | Concordia (NY)       |   2 | 0.678 | 0.948 | 1.039 | 0.929 | 0.761
 103 | King (TN)            |   2 | 0.677 | 1.007 | 0.956 | 0.856 | 0.826
 104 | Western Ore.         |   2 | 0.676 | 0.874 | 0.981 | 0.879 | 0.787
 105 | Dowling              |   2 | 0.675 | 0.923 | 0.969 | 0.870 | 0.776
 105 | Eastern N.M.         |   2 | 0.675 | 1.089 | 1.190 | 1.069 | 0.863
 107 | Oakland City         |   2 | 0.674 | 1.085 | 1.120 | 1.007 | 0.803
 108 | Grand Valley St.     |   2 | 0.673 | 0.931 | 1.282 | 1.155 | 0.791
 108 | Southwest Baptist    |   2 | 0.673 | 1.165 | 1.043 | 0.940 | 0.835
 110 | Virginia St.         |   2 | 0.672 | 0.903 | 0.928 | 0.837 | 0.683
 110 | Chestnut Hill        |   2 | 0.672 | 0.965 | 0.949 | 0.856 | 0.754
 112 | Trevecca Nazarene    |   2 | 0.670 | 0.911 | 1.349 | 1.221 | 0.753
 112 | Chico St.            |   2 | 0.670 | 0.961 | 0.957 | 0.866 | 0.832
 114 | California (PA)      |   2 | 0.667 | 0.909 | 1.253 | 1.139 | 0.804
 115 | Regis (CO)           |   2 | 0.666 | 1.190 | 1.097 | 0.999 | 0.824
 116 | Rockhurst            |   2 | 0.665 | 0.997 | 0.976 | 0.890 | 0.809
 117 | Ark.-Fort Smith      |   2 | 0.664 | 0.990 | 1.106 | 1.009 | 0.794
 118 | Metro St.            |   2 | 0.661 | 1.094 | 0.830 | 0.762 | 0.844
 119 | Rollins              |   2 | 0.659 | 0.979 | 1.179 | 1.084 | 0.927
 120 | Cal St. L.A.         |   2 | 0.651 | 1.108 | 1.035 | 0.964 | 0.836
 121 | Indianapolis         |   2 | 0.648 | 0.945 | 0.999 | 0.934 | 0.819
 122 | Point Loma           |   2 | 0.645 | 0.944 | 0.933 | 0.877 | 0.808
 123 | GRU Augusta          |   2 | 0.633 | 1.044 | 1.070 | 1.025 | 0.936
 124 | Lubbock Christian    |   2 | 0.631 | 1.091 | 1.177 | 1.131 | 0.792
 125 | Wis.-Parkside        |   2 | 0.629 | 0.882 | 1.041 | 1.002 | 0.811
 125 | Mars Hill            |   2 | 0.629 | 1.234 | 0.998 | 0.962 | 0.868
 127 | Molloy               |   2 | 0.628 | 0.981 | 1.062 | 1.026 | 0.786
 128 | Northwestern Okla.   |   2 | 0.625 | 0.985 | 0.796 | 0.773 | 0.846
 129 | Walsh                |   2 | 0.623 | 0.957 | 0.966 | 0.939 | 0.801
 130 | Brevard              |   2 | 0.619 | 1.083 | 0.871 | 0.853 | 0.865
 131 | Southern Ind.        |   2 | 0.618 | 0.921 | 1.121 | 1.100 | 0.835
 132 | Philadelphia U.      |   2 | 0.617 | 1.109 | 0.854 | 0.839 | 0.765
 133 | Pfeiffer             |   2 | 0.612 | 0.952 | 1.149 | 1.137 | 0.831
 133 | Lewis                |   2 | 0.612 | 0.928 | 1.144 | 1.134 | 0.810
 135 | Sonoma St.           |   2 | 0.607 | 0.845 | 0.968 | 0.967 | 0.815
 135 | Southern Conn. St.   |   2 | 0.607 | 1.013 | 1.062 | 1.061 | 0.811
 135 | Cameron              |   2 | 0.607 | 1.076 | 0.877 | 0.876 | 0.863
 138 | Findlay              |   2 | 0.606 | 0.880 | 0.808 | 0.808 | 0.791
 139 | Northwest Mo. St.    |   2 | 0.602 | 0.964 | 1.168 | 1.176 | 0.858
 140 | N.M. Highlands       |   2 | 0.601 | 1.234 | 1.102 | 1.111 | 0.855
 140 | West Chester         |   2 | 0.601 | 0.942 | 1.043 | 1.053 | 0.835
 142 | Ky. Wesleyan         |   2 | 0.597 | 0.900 | 1.022 | 1.039 | 0.715
 143 | Gannon               |   2 | 0.591 | 0.907 | 0.927 | 0.951 | 0.822
 144 | Central Mo.          |   2 | 0.590 | 1.022 | 0.811 | 0.833 | 0.819
 145 | North Greenville     |   2 | 0.589 | 0.985 | 1.159 | 1.193 | 0.840
 145 | Shippensburg         |   2 | 0.589 | 0.952 | 1.146 | 1.179 | 0.857
 147 | Malone               |   2 | 0.583 | 0.902 | 1.147 | 1.194 | 0.798
 148 | Tarleton St.         |   2 | 0.580 | 1.080 | 0.868 | 0.906 | 0.896
 149 | Southeastern Okla.   |   2 | 0.579 | 0.955 | 1.159 | 1.213 | 0.841
 150 | Newman               |   2 | 0.578 | 1.228 | 0.973 | 1.020 | 0.775
 151 | Concord              |   2 | 0.573 | 1.188 | 0.789 | 0.834 | 0.742
 152 | Bellarmine           |   2 | 0.566 | 0.972 | 0.735 | 0.787 | 0.785
 152 | Pittsburg St.        |   2 | 0.566 | 1.085 | 1.066 | 1.141 | 0.867
 154 | Northwest Nazarene   |   2 | 0.565 | 1.106 | 0.873 | 0.936 | 0.753
 154 | St. Thomas Aquinas   |   2 | 0.565 | 1.047 | 1.016 | 1.090 | 0.777
 156 | Lake Erie            |   2 | 0.564 | 1.050 | 1.210 | 1.302 | 0.814
 156 | American Int'l       |   2 | 0.564 | 0.968 | 0.922 | 0.991 | 0.783
 158 | Cal St. Dom. Hills   |   2 | 0.563 | 1.118 | 0.850 | 0.915 | 0.839
 158 | Caldwell             |   2 | 0.563 | 0.959 | 1.086 | 1.169 | 0.759
 160 | Lock Haven           |   2 | 0.561 | 0.846 | 0.914 | 0.987 | 0.846
 161 | Stillman             |   2 | 0.560 | 0.974 | 1.067 | 1.155 | 0.785
 161 | Adelphi              |   2 | 0.560 | 0.948 | 1.114 | 1.205 | 0.787
 163 | Central Okla.        |   2 | 0.559 | 1.041 | 0.998 | 1.083 | 0.821
 164 | Felician             |   2 | 0.558 | 0.951 | 1.031 | 1.120 | 0.810
 165 | Tex. A&M Int'l       |   2 | 0.557 | 0.975 | 0.890 | 0.969 | 0.798
 166 | Belmont Abbey        |   2 | 0.553 | 1.144 | 1.023 | 1.123 | 0.869
 167 | McKendree            |   2 | 0.552 | 1.070 | 0.795 | 0.874 | 0.843
 168 | Bridgeport           |   2 | 0.550 | 0.897 | 0.844 | 0.929 | 0.808
 169 | LIU Post             |   2 | 0.548 | 0.957 | 1.181 | 1.305 | 0.797
 170 | Tex. Permian Basin   |   2 | 0.547 | 0.933 | 0.908 | 1.007 | 0.784
 171 | Le Moyne             |   2 | 0.545 | 0.905 | 0.889 | 0.989 | 0.822
 171 | Cedarville           |   2 | 0.545 | 0.881 | 1.029 | 1.145 | 0.745
 173 | San Fran. St.        |   2 | 0.539 | 0.939 | 0.913 | 1.027 | 0.837
 173 | Bloomsburg           |   2 | 0.539 | 0.988 | 0.952 | 1.072 | 0.857
 175 | Ohio Dominican       |   2 | 0.538 | 1.005 | 1.003 | 1.130 | 0.779
 176 | Colorado Mines       |   2 | 0.527 | 1.239 | 0.972 | 1.118 | 0.823
 177 | Central Wash.        |   2 | 0.525 | 1.036 | 1.083 | 1.250 | 0.751
 178 | Assumption           |   2 | 0.524 | 1.151 | 1.025 | 1.187 | 0.853
 179 | Young Harris         |   2 | 0.520 | 1.107 | 1.019 | 1.189 | 0.912
 180 | Urbana               |   2 | 0.517 | 1.077 | 0.630 | 0.740 | 0.748
 181 | Southwestern Okla.   |   2 | 0.516 | 1.078 | 0.752 | 0.883 | 0.871
 182 | Northern St.         |   2 | 0.512 | 1.028 | 0.940 | 1.113 | 0.728
 183 | Post                 |   2 | 0.509 | 1.048 | 0.706 | 0.841 | 0.798
 184 | Chowan               |   2 | 0.507 | 1.101 | 1.077 | 1.289 | 0.752
 184 | Holy Names           |   2 | 0.507 | 0.917 | 0.967 | 1.157 | 0.797
 186 | Coker                |   2 | 0.503 | 1.083 | 0.959 | 1.155 | 0.893
 187 | Minn. Duluth         |   2 | 0.500 | 0.987 | 1.086 | 1.317 | 0.692
 188 | Okla. Christian      |   2 | 0.496 | 0.974 | 0.885 | 1.081 | 0.809
 189 | Cal St. East Bay     |   2 | 0.492 | 0.918 | 0.964 | 1.187 | 0.823
 190 | Christian Bros.      |   2 | 0.488 | 1.034 | 0.733 | 0.911 | 0.818
 191 | Adams St.            |   2 | 0.485 | 1.232 | 0.979 | 1.222 | 0.834
 191 | Cal St. Stanislaus   |   2 | 0.485 | 0.961 | 0.948 | 1.184 | 0.826
 193 | Limestone            |   2 | 0.480 | 1.129 | 0.861 | 1.087 | 0.827
 193 | Tiffin               |   2 | 0.480 | 1.040 | 0.916 | 1.157 | 0.801
 195 | Alderson Broaddus    |   2 | 0.475 | 1.016 | 0.883 | 1.127 | 0.696
 196 | Notre Dame (OH)      |   2 | 0.470 | 0.844 | 0.845 | 1.091 | 0.765
 197 | Maryville (MO)       |   2 | 0.469 | 1.000 | 1.048 | 1.354 | 0.836
 198 | Cal St. San B'dino   |   2 | 0.463 | 1.064 | 0.923 | 1.209 | 0.838
 199 | Clarion              |   2 | 0.462 | 0.957 | 0.891 | 1.170 | 0.848
 200 | Sioux Falls          |   2 | 0.460 | 1.026 | 1.078 | 1.421 | 0.736
 201 | Colo. Christian      |   2 | 0.459 | 1.272 | 0.745 | 0.985 | 0.838
 202 | West Va. Wesleyan    |   2 | 0.457 | 0.930 | 0.955 | 1.269 | 0.755
 203 | Ill.-Springfield     |   2 | 0.453 | 1.009 | 0.706 | 0.944 | 0.810
 204 | Southern Nazarene    |   2 | 0.449 | 1.218 | 0.898 | 1.212 | 0.889
 205 | Fort Hays St.        |   2 | 0.439 | 1.094 | 1.065 | 1.471 | 0.831
 206 | St. Anselm           |   2 | 0.433 | 1.032 | 0.803 | 1.125 | 0.832
 207 | Hillsdale            |   2 | 0.431 | 0.964 | 0.862 | 1.213 | 0.782
 208 | Saint Michael's      |   2 | 0.426 | 1.043 | 0.768 | 1.094 | 0.815
 208 | Southern Wesleyan    |   2 | 0.426 | 1.064 | 0.880 | 1.252 | 0.852
 210 | Ga. Southwestern     |   2 | 0.419 | 0.973 | 0.851 | 1.231 | 0.939
 211 | Mary                 |   2 | 0.418 | 1.061 | 0.776 | 1.125 | 0.744
 211 | Pitt.-Johnstown      |   2 | 0.418 | 0.973 | 1.067 | 1.549 | 0.894
 213 | Wayne St. (NE)       |   2 | 0.417 | 1.009 | 0.668 | 0.971 | 0.734
 213 | Queens (NY)          |   2 | 0.417 | 1.001 | 0.930 | 1.352 | 0.807
 215 | Northwood (MI)       |   2 | 0.415 | 0.847 | 0.692 | 1.011 | 0.812
 216 | Rogers St.           |   2 | 0.410 | 1.108 | 0.717 | 1.062 | 0.819
 217 | Mississippi Col.     |   2 | 0.407 | 0.964 | 0.927 | 1.381 | 0.898
 218 | Fairmont St.         |   2 | 0.406 | 1.049 | 0.940 | 1.402 | 0.753
 219 | Charleston (WV)      |   2 | 0.405 | 0.933 | 0.906 | 1.358 | 0.759
 220 | Saint Rose           |   2 | 0.403 | 0.976 | 0.810 | 1.220 | 0.825
 221 | Winona St.           |   2 | 0.401 | 0.895 | 0.805 | 1.216 | 0.738
 222 | Bentley              |   2 | 0.391 | 0.951 | 0.822 | 1.276 | 0.841
 223 | Dominican (NY)       |   2 | 0.388 | 1.023 | 0.697 | 1.088 | 0.779
 224 | Pace                 |   2 | 0.387 | 0.950 | 0.683 | 1.069 | 0.801
 225 | Saint Augustine's    |   2 | 0.386 | 0.949 | 0.753 | 1.182 | 0.762
 226 | Bloomfield           |   2 | 0.385 | 1.046 | 0.677 | 1.066 | 0.768
 227 | Union (TN)           |   2 | 0.382 | 0.814 | 0.627 | 0.994 | 0.932
 228 | Concordia-St. Paul   |   2 | 0.378 | 1.129 | 0.853 | 1.366 | 0.710
 229 | Ohio Valley          |   2 | 0.377 | 1.068 | 0.815 | 1.309 | 0.727
 230 | Nyack                |   2 | 0.376 | 0.950 | 0.637 | 1.028 | 0.777
 231 | UVa-Wise             |   2 | 0.369 | 1.031 | 0.921 | 1.512 | 0.771
 232 | Emmanuel (GA)        |   2 | 0.367 | 1.176 | 0.719 | 1.188 | 0.870
 233 | Glenville St.        |   2 | 0.362 | 0.936 | 0.788 | 1.318 | 0.747
 234 | Upper Iowa           |   2 | 0.360 | 0.886 | 0.885 | 1.490 | 0.751
 235 | Albany St. (GA)      |   2 | 0.354 | 1.085 | 0.925 | 1.583 | 0.755
 236 | Southwest Minn. St.  |   2 | 0.350 | 0.944 | 0.885 | 1.534 | 0.722
 237 | Bluefield St.        |   2 | 0.348 | 1.106 | 0.721 | 1.256 | 0.726
 238 | Claflin              |   2 | 0.345 | 1.027 | 0.784 | 1.380 | 0.686
 239 | Hawaii Hilo          |   2 | 0.343 | 0.889 | 0.715 | 1.263 | 0.846
 240 | Minn.-Crookston      |   2 | 0.342 | 1.062 | 1.052 | 1.866 | 0.702
 241 | Mansfield            |   2 | 0.339 | 1.104 | 0.922 | 1.650 | 0.830
 242 | Saint Martin's       |   2 | 0.334 | 0.860 | 0.679 | 1.233 | 0.811
 243 | Benedict             |   2 | 0.332 | 1.070 | 0.991 | 1.809 | 0.626
 244 | Tuskegee             |   2 | 0.330 | 1.007 | 0.822 | 1.509 | 0.715
 245 | Academy of Art       |   2 | 0.327 | 0.982 | 0.674 | 1.248 | 0.814
 246 | USciences            |   2 | 0.325 | 1.030 | 0.747 | 1.393 | 0.802
 246 | Miles                |   2 | 0.325 | 1.088 | 0.642 | 1.197 | 0.723
 248 | Davis & Elkins       |   2 | 0.312 | 1.001 | 0.810 | 1.573 | 0.741
 249 | Wheeling Jesuit      |   2 | 0.297 | 0.952 | 0.578 | 1.180 | 0.773
 250 | Minot St.            |   2 | 0.296 | 1.137 | 0.794 | 1.628 | 0.740
 251 | Bemidji St.          |   2 | 0.292 | 1.104 | 0.798 | 1.657 | 0.758
 252 | Okla. Panhandle      |   2 | 0.275 | 1.086 | 0.680 | 1.498 | 0.804
 253 | Lincoln (MO)         |   2 | 0.257 | 1.075 | 0.791 | 1.868 | 0.853
 254 | Paine                |   2 | 0.247 | 1.093 | 0.724 | 1.775 | 0.644
 255 | Lincoln (PA)         |   2 | 0.245 | 1.143 | 0.456 | 1.127 | 0.743
 256 | Kentucky St.         |   2 | 0.231 | 1.012 | 0.570 | 1.495 | 0.670
 257 | Salem Int'l          |   2 | 0.229 | 1.030 | 0.506 | 1.337 | 0.775
 258 | Morehouse            |   2 | 0.213 | 1.235 | 0.672 | 1.911 | 0.575
 259 | LeMoyne-Owen         |   2 | 0.150 | 1.053 | 0.448 | 1.815 | 0.682
 260 | Clark Atlanta        |   2 | 0.119 | 1.144 | 0.491 | 2.502 | 0.575
 261 | Lane                 |   2 | 0.118 | 0.958 | 0.385 | 1.982 | 0.607
(261 rows)

 rk  |        school        | div |  str  | park  |  ofs  |  dfs  |  sos  
-----+----------------------+-----+-------+-------+-------+-------+-------
   1 | Oswego St.           |   3 | 1.094 | 0.865 | 1.404 | 0.534 | 0.732
   2 | Misericordia         |   3 | 1.047 | 0.968 | 1.376 | 0.547 | 0.628
   3 | Mitchell             |   3 | 0.958 | 0.977 | 1.453 | 0.631 | 0.629
   4 | Concordia-M'head     |   3 | 0.931 | 0.975 | 1.749 | 0.782 | 0.701
   5 | McMurry              |   3 | 0.927 | 1.010 | 1.556 | 0.699 | 0.727
   6 | Tufts                |   3 | 0.924 | 0.915 | 1.385 | 0.624 | 0.709
   7 | Frostburg St.        |   3 | 0.873 | 0.990 | 1.419 | 0.677 | 0.697
   8 | Augustana (IL)       |   3 | 0.860 | 1.043 | 1.354 | 0.655 | 0.716
   9 | Wash. & Jeff.        |   3 | 0.840 | 0.945 | 1.485 | 0.736 | 0.721
  10 | Birmingham-So.       |   3 | 0.832 | 0.923 | 1.309 | 0.655 | 0.737
  11 | Salisbury            |   3 | 0.823 | 0.978 | 1.645 | 0.832 | 0.709
  12 | Marietta             |   3 | 0.817 | 1.012 | 1.750 | 0.892 | 0.750
  13 | Thiel                |   3 | 0.808 | 1.013 | 1.508 | 0.777 | 0.694
  14 | Johns Hopkins        |   3 | 0.801 | 1.077 | 1.436 | 0.747 | 0.732
  15 | Rochester Inst.      |   3 | 0.787 | 0.902 | 1.287 | 0.681 | 0.690
  16 | Wis.-Whitewater      |   3 | 0.785 | 1.045 | 1.585 | 0.841 | 0.723
  17 | Millsaps             |   3 | 0.778 | 1.022 | 1.454 | 0.778 | 0.727
  18 | Methodist            |   3 | 0.776 | 0.963 | 1.425 | 0.765 | 0.702
  19 | Thomas More          |   3 | 0.775 | 1.059 | 1.321 | 0.709 | 0.678
  20 | Ramapo               |   3 | 0.764 | 0.974 | 1.263 | 0.688 | 0.696
  21 | SUNY Cortland        |   3 | 0.761 | 0.922 | 1.431 | 0.783 | 0.667
  22 | Wartburg             |   3 | 0.743 | 0.950 | 1.403 | 0.786 | 0.677
  23 | Rhodes               |   3 | 0.739 | 1.057 | 1.222 | 0.688 | 0.738
  24 | Cal Lutheran         |   3 | 0.729 | 1.055 | 1.295 | 0.740 | 0.664
  24 | Concordia (TX)       |   3 | 0.729 | 0.995 | 1.267 | 0.723 | 0.718
  26 | Baldwin Wallace      |   3 | 0.728 | 0.945 | 1.221 | 0.698 | 0.718
  27 | Heidelberg           |   3 | 0.725 | 0.989 | 1.354 | 0.777 | 0.716
  28 | Ill. Wesleyan        |   3 | 0.722 | 0.898 | 1.196 | 0.690 | 0.741
  28 | Texas-Tyler          |   3 | 0.722 | 0.918 | 1.481 | 0.854 | 0.718
  30 | Wesleyan (CT)        |   3 | 0.720 | 0.845 | 1.138 | 0.658 | 0.711
  30 | Randolph-Macon       |   3 | 0.720 | 1.095 | 1.217 | 0.704 | 0.676
  32 | Keystone             |   3 | 0.703 | 0.979 | 1.326 | 0.785 | 0.671
  33 | Clarkson             |   3 | 0.701 | 0.908 | 0.907 | 0.538 | 0.712
  34 | Bethel (MN)          |   3 | 0.698 | 0.994 | 1.209 | 0.721 | 0.706
  35 | Ohio Northern        |   3 | 0.697 | 0.811 | 1.257 | 0.751 | 0.707
  36 | Washington-St. Louis |   3 | 0.689 | 1.003 | 1.454 | 0.878 | 0.686
  37 | Trinity (TX)         |   3 | 0.686 | 1.040 | 1.282 | 0.778 | 0.698
  38 | Saint Mary's (MN)    |   3 | 0.680 | 0.989 | 1.135 | 0.695 | 0.700
  39 | Rowan                |   3 | 0.677 | 0.898 | 1.233 | 0.758 | 0.756
  39 | Shenandoah           |   3 | 0.677 | 1.005 | 1.008 | 0.620 | 0.685
  39 | Mary Washington      |   3 | 0.677 | 0.820 | 1.551 | 0.953 | 0.707
  42 | Webster              |   3 | 0.669 | 0.940 | 1.105 | 0.688 | 0.699
  43 | Wis.-Stout           |   3 | 0.668 | 1.181 | 1.203 | 0.750 | 0.724
  44 | Wis.-La Crosse       |   3 | 0.665 | 1.014 | 0.997 | 0.625 | 0.735
  44 | North Park           |   3 | 0.665 | 1.009 | 1.347 | 0.843 | 0.723
  46 | Buena Vista          |   3 | 0.664 | 1.032 | 1.202 | 0.753 | 0.665
  47 | Va. Wesleyan         |   3 | 0.659 | 1.052 | 1.281 | 0.809 | 0.736
  48 | Linfield             |   3 | 0.656 | 0.839 | 1.225 | 0.777 | 0.727
  49 | Huntingdon           |   3 | 0.643 | 0.909 | 1.476 | 0.956 | 0.717
  50 | St. Scholastica      |   3 | 0.642 | 0.999 | 1.077 | 0.699 | 0.653
  51 | Gettysburg           |   3 | 0.640 | 1.069 | 0.948 | 0.617 | 0.728
  52 | Southern Va.         |   3 | 0.637 | 0.969 | 1.272 | 0.831 | 0.690
  52 | Frank. & Marsh.      |   3 | 0.637 | 0.891 | 1.256 | 0.820 | 0.694
  54 | Wis.-Stevens Point   |   3 | 0.636 | 1.026 | 1.076 | 0.704 | 0.723
  54 | Catholic             |   3 | 0.636 | 1.014 | 1.161 | 0.760 | 0.690
  56 | Anderson (IN)        |   3 | 0.631 | 1.046 | 1.140 | 0.752 | 0.703
  57 | Wis. Lutheran        |   3 | 0.630 | 0.987 | 1.256 | 0.830 | 0.671
  57 | Earlham              |   3 | 0.630 | 1.249 | 1.194 | 0.789 | 0.714
  59 | John Carroll         |   3 | 0.628 | 0.968 | 1.280 | 0.849 | 0.702
  60 | Pacific Lutheran     |   3 | 0.627 | 0.909 | 1.147 | 0.761 | 0.727
  61 | Willamette           |   3 | 0.620 | 1.056 | 1.117 | 0.750 | 0.661
  61 | Whitworth            |   3 | 0.620 | 1.007 | 1.287 | 0.864 | 0.690
  63 | Adrian               |   3 | 0.618 | 0.872 | 1.091 | 0.735 | 0.703
  64 | Wheaton (MA)         |   3 | 0.617 | 0.959 | 1.009 | 0.680 | 0.665
  64 | Texas Lutheran       |   3 | 0.617 | 0.913 | 1.273 | 0.859 | 0.714
  66 | Kean                 |   3 | 0.616 | 0.888 | 1.130 | 0.763 | 0.706
  67 | Trinity (CT)         |   3 | 0.614 | 0.937 | 1.220 | 0.827 | 0.735
  68 | TCNJ                 |   3 | 0.613 | 0.919 | 1.163 | 0.790 | 0.735
  69 | Southern Me.         |   3 | 0.603 | 0.980 | 1.463 | 1.011 | 0.701
  70 | Castleton            |   3 | 0.602 | 0.978 | 1.200 | 0.831 | 0.617
  71 | Ursinus              |   3 | 0.600 | 1.044 | 1.006 | 0.698 | 0.701
  72 | LeTourneau           |   3 | 0.598 | 1.012 | 0.930 | 0.648 | 0.724
  73 | Emory                |   3 | 0.592 | 0.956 | 1.113 | 0.783 | 0.775
  74 | Carthage             |   3 | 0.590 | 1.021 | 1.335 | 0.942 | 0.724
  75 | Aurora               |   3 | 0.589 | 1.070 | 1.116 | 0.789 | 0.670
  75 | Concordia Wisconsin  |   3 | 0.589 | 0.955 | 1.172 | 0.829 | 0.686
  75 | Moravian             |   3 | 0.589 | 0.885 | 1.034 | 0.731 | 0.717
  75 | Coe                  |   3 | 0.589 | 0.924 | 1.369 | 0.968 | 0.665
  75 | Macalester           |   3 | 0.589 | 1.014 | 1.407 | 0.995 | 0.726
  80 | Wentworth            |   3 | 0.586 | 0.862 | 1.045 | 0.743 | 0.634
  81 | St. Thomas (MN)      |   3 | 0.584 | 0.886 | 1.530 | 1.090 | 0.755
  82 | Ohio Wesleyan        |   3 | 0.579 | 0.955 | 1.197 | 0.860 | 0.690
  82 | Southwestern (TX)    |   3 | 0.579 | 1.104 | 1.412 | 1.015 | 0.739
  84 | Saint John's (MN)    |   3 | 0.578 | 1.004 | 1.047 | 0.754 | 0.748
  85 | Mary Hardin-Baylor   |   3 | 0.577 | 1.029 | 1.163 | 0.839 | 0.730
  86 | Mount Union          |   3 | 0.573 | 1.052 | 1.165 | 0.847 | 0.730
  87 | Hendrix              |   3 | 0.570 | 1.086 | 0.978 | 0.714 | 0.737
  88 | Concordia Chicago    |   3 | 0.567 | 1.066 | 1.267 | 0.930 | 0.696
  89 | Kenyon               |   3 | 0.564 | 1.007 | 0.930 | 0.687 | 0.671
  90 | Wooster              |   3 | 0.561 | 1.055 | 1.181 | 0.876 | 0.685
  91 | St. Norbert          |   3 | 0.559 | 0.965 | 0.868 | 0.646 | 0.625
  92 | Westminster (MO)     |   3 | 0.558 | 0.919 | 1.373 | 1.024 | 0.641
  93 | Maryville (TN)       |   3 | 0.557 | 0.994 | 1.053 | 0.787 | 0.695
  94 | Alvernia             |   3 | 0.555 | 1.049 | 1.229 | 0.921 | 0.680
  95 | Otterbein            |   3 | 0.553 | 1.055 | 1.332 | 1.004 | 0.701
  96 | Puget Sound          |   3 | 0.552 | 1.036 | 1.419 | 1.070 | 0.736
  96 | Pomona-Pitzer        |   3 | 0.552 | 1.054 | 1.186 | 0.893 | 0.672
  98 | Swarthmore           |   3 | 0.551 | 0.965 | 1.009 | 0.763 | 0.680
  99 | Augsburg             |   3 | 0.549 | 1.060 | 1.204 | 0.913 | 0.718
 100 | Me.-Farmington       |   3 | 0.548 | 1.021 | 1.286 | 0.976 | 0.607
 101 | George Fox           |   3 | 0.547 | 0.903 | 0.981 | 0.747 | 0.727
 102 | Stockton             |   3 | 0.545 | 0.999 | 1.099 | 0.839 | 0.729
 103 | Penn St.-Behrend     |   3 | 0.544 | 0.937 | 1.223 | 0.935 | 0.654
 104 | Redlands             |   3 | 0.542 | 1.148 | 1.229 | 0.944 | 0.657
 105 | St. Lawrence         |   3 | 0.539 | 0.935 | 1.364 | 1.054 | 0.719
 106 | Berry                |   3 | 0.538 | 1.129 | 1.012 | 0.783 | 0.743
 107 | Arcadia              |   3 | 0.536 | 1.037 | 1.061 | 0.824 | 0.697
 108 | Covenant             |   3 | 0.535 | 0.991 | 0.962 | 0.748 | 0.723
 108 | La Verne             |   3 | 0.535 | 1.010 | 1.212 | 0.943 | 0.662
 110 | Piedmont             |   3 | 0.534 | 1.072 | 1.248 | 0.973 | 0.715
 111 | Centenary (LA)       |   3 | 0.533 | 1.015 | 1.280 | 1.000 | 0.721
 112 | Rose-Hulman          |   3 | 0.531 | 0.963 | 1.180 | 0.925 | 0.738
 112 | Manchester           |   3 | 0.531 | 1.030 | 1.267 | 0.994 | 0.718
 112 | Washington Col.      |   3 | 0.531 | 1.029 | 0.921 | 0.721 | 0.726
 115 | Fitchburg St.        |   3 | 0.529 | 1.035 | 1.044 | 0.822 | 0.668
 116 | Franklin             |   3 | 0.525 | 1.087 | 1.258 | 0.999 | 0.738
 116 | Stevens              |   3 | 0.525 | 0.979 | 0.918 | 0.728 | 0.664
 118 | Bridgewater (VA)     |   3 | 0.524 | 1.082 | 0.984 | 0.781 | 0.689
 119 | Kalamazoo            |   3 | 0.521 | 0.914 | 1.078 | 0.861 | 0.684
 120 | Brockport            |   3 | 0.520 | 0.865 | 1.140 | 0.912 | 0.699
 121 | Westfield St.        |   3 | 0.518 | 0.959 | 1.071 | 0.861 | 0.679
 122 | Old Westbury         |   3 | 0.517 | 0.873 | 1.277 | 1.029 | 0.589
 123 | Penn St.-Berks       |   3 | 0.515 | 0.984 | 1.188 | 0.960 | 0.648
 124 | Wm. Paterson         |   3 | 0.512 | 1.003 | 1.272 | 1.035 | 0.709
 125 | Hamline              |   3 | 0.509 | 0.935 | 1.160 | 0.949 | 0.702
 126 | Defiance             |   3 | 0.507 | 0.923 | 1.302 | 1.069 | 0.737
 126 | Coast Guard          |   3 | 0.507 | 0.850 | 1.078 | 0.885 | 0.683
 128 | Montclair St.        |   3 | 0.504 | 0.955 | 1.077 | 0.890 | 0.727
 128 | Chapman              |   3 | 0.504 | 0.885 | 1.156 | 0.954 | 0.660
 130 | Neumann              |   3 | 0.502 | 1.010 | 1.248 | 1.034 | 0.656
 130 | Widener              |   3 | 0.502 | 1.054 | 0.925 | 0.767 | 0.718
 132 | Lynchburg            |   3 | 0.500 | 1.039 | 1.006 | 0.837 | 0.728
 133 | Fredonia             |   3 | 0.499 | 1.051 | 1.023 | 0.853 | 0.725
 133 | McDaniel             |   3 | 0.499 | 0.995 | 1.472 | 1.227 | 0.699
 135 | Hamilton             |   3 | 0.495 | 1.027 | 1.398 | 1.175 | 0.698
 136 | Alma                 |   3 | 0.493 | 0.961 | 0.923 | 0.780 | 0.667
 136 | Bowdoin              |   3 | 0.493 | 0.918 | 1.166 | 0.985 | 0.742
 136 | Beloit               |   3 | 0.493 | 0.981 | 1.008 | 0.851 | 0.602
 139 | La Roche             |   3 | 0.491 | 0.891 | 1.232 | 1.045 | 0.720
 140 | Eastern Conn. St.    |   3 | 0.487 | 0.914 | 1.309 | 1.119 | 0.740
 140 | WPI                  |   3 | 0.487 | 1.083 | 1.164 | 0.996 | 0.639
 142 | Bates                |   3 | 0.476 | 0.899 | 1.248 | 1.092 | 0.682
 143 | Plattsburgh St.      |   3 | 0.472 | 0.940 | 1.124 | 0.992 | 0.731
 143 | Rhode Island Col.    |   3 | 0.472 | 1.150 | 0.928 | 0.819 | 0.672
 145 | Sul Ross St.         |   3 | 0.470 | 1.277 | 0.882 | 0.781 | 0.694
 146 | Fontbonne            |   3 | 0.469 | 0.937 | 0.943 | 0.836 | 0.688
 147 | Rockford             |   3 | 0.468 | 0.994 | 1.108 | 0.985 | 0.675
 148 | Framingham St.       |   3 | 0.467 | 0.888 | 1.122 | 0.999 | 0.687
 149 | Marywood             |   3 | 0.465 | 0.977 | 0.713 | 0.638 | 0.621
 150 | Marymount (VA)       |   3 | 0.462 | 1.090 | 1.039 | 0.935 | 0.700
 151 | Millikin             |   3 | 0.460 | 1.098 | 1.112 | 1.005 | 0.719
 151 | Hanover              |   3 | 0.460 | 0.983 | 1.278 | 1.156 | 0.727
 153 | Bluffton             |   3 | 0.458 | 1.162 | 1.187 | 1.079 | 0.727
 153 | Wis.-Platteville     |   3 | 0.458 | 1.039 | 1.098 | 0.997 | 0.720
 155 | UMass Dartmouth      |   3 | 0.457 | 0.942 | 1.170 | 1.066 | 0.701
 156 | Albion               |   3 | 0.454 | 0.919 | 1.175 | 1.079 | 0.695
 157 | Elizabethtown        |   3 | 0.451 | 0.987 | 1.057 | 0.977 | 0.671
 158 | Ferrum               |   3 | 0.450 | 1.136 | 1.152 | 1.067 | 0.688
 159 | East. Mennonite      |   3 | 0.449 | 1.176 | 1.133 | 1.050 | 0.676
 159 | Western Conn. St.    |   3 | 0.449 | 1.081 | 1.121 | 1.039 | 0.673
 161 | Illinois Col.        |   3 | 0.445 | 1.055 | 1.109 | 1.039 | 0.615
 162 | Edgewood             |   3 | 0.444 | 0.931 | 1.076 | 1.010 | 0.696
 163 | Case                 |   3 | 0.442 | 0.899 | 1.052 | 0.991 | 0.739
 164 | Centenary (NJ)       |   3 | 0.441 | 0.931 | 1.280 | 1.208 | 0.661
 164 | Babson               |   3 | 0.441 | 0.873 | 1.220 | 1.152 | 0.656
 166 | Chris. Newport       |   3 | 0.440 | 1.051 | 1.093 | 1.033 | 0.739
 166 | Dubuque              |   3 | 0.440 | 0.963 | 0.999 | 0.945 | 0.694
 166 | Hope                 |   3 | 0.440 | 0.891 | 1.109 | 1.050 | 0.667
 169 | Northwestern-St.Paul |   3 | 0.436 | 0.976 | 1.114 | 1.063 | 0.679
 170 | Juniata              |   3 | 0.435 | 1.085 | 1.226 | 1.173 | 0.667
 170 | Rochester (NY)       |   3 | 0.435 | 0.948 | 0.886 | 0.847 | 0.693
 172 | Oglethorpe           |   3 | 0.434 | 1.060 | 1.091 | 1.046 | 0.743
 173 | Allegheny            |   3 | 0.433 | 0.824 | 0.932 | 0.897 | 0.732
 174 | MIT                  |   3 | 0.431 | 0.913 | 1.148 | 1.110 | 0.652
 175 | Merchant Marine      |   3 | 0.430 | 0.963 | 1.165 | 1.129 | 0.673
 176 | New Jersey City      |   3 | 0.428 | 1.008 | 1.134 | 1.103 | 0.680
 177 | Greensboro           |   3 | 0.427 | 1.004 | 1.184 | 1.155 | 0.703
 177 | Worcester St.        |   3 | 0.427 | 1.058 | 0.790 | 0.769 | 0.695
 179 | Haverford            |   3 | 0.426 | 1.079 | 0.973 | 0.951 | 0.734
 179 | UMass Boston         |   3 | 0.426 | 0.981 | 1.106 | 1.081 | 0.694
 181 | Keene St.            |   3 | 0.425 | 1.017 | 1.105 | 1.082 | 0.690
 182 | Utica                |   3 | 0.424 | 1.031 | 0.857 | 0.843 | 0.629
 183 | Elmhurst             |   3 | 0.423 | 1.098 | 0.798 | 0.785 | 0.699
 184 | Amherst              |   3 | 0.422 | 0.915 | 1.054 | 1.039 | 0.722
 185 | Wabash               |   3 | 0.421 | 1.000 | 1.199 | 1.186 | 0.716
 185 | Bridgewater St.      |   3 | 0.421 | 0.940 | 0.988 | 0.978 | 0.683
 187 | St. Joseph's (ME)    |   3 | 0.418 | 0.882 | 1.076 | 1.070 | 0.680
 187 | Manhattanville       |   3 | 0.418 | 1.027 | 1.403 | 1.397 | 0.635
 189 | Rensselaer           |   3 | 0.416 | 1.057 | 1.002 | 1.003 | 0.688
 190 | Cazenovia            |   3 | 0.415 | 1.240 | 1.158 | 1.161 | 0.665
 191 | LaGrange             |   3 | 0.414 | 1.022 | 0.966 | 0.971 | 0.729
 192 | Averett              |   3 | 0.412 | 0.979 | 1.277 | 1.290 | 0.704
 193 | Transylvania         |   3 | 0.410 | 1.056 | 1.181 | 1.200 | 0.746
 194 | North Central (IL)   |   3 | 0.408 | 1.003 | 0.770 | 0.785 | 0.726
 195 | Daniel Webster       |   3 | 0.405 | 0.906 | 0.993 | 1.022 | 0.603
 196 | Pitt.-Greensburg     |   3 | 0.402 | 1.047 | 0.979 | 1.014 | 0.638
 196 | Stevenson            |   3 | 0.402 | 0.973 | 1.031 | 1.069 | 0.694
 198 | Spalding             |   3 | 0.400 | 0.969 | 1.150 | 1.198 | 0.653
 199 | Susquehanna          |   3 | 0.398 | 0.839 | 0.788 | 0.824 | 0.710
 199 | Luther               |   3 | 0.398 | 0.941 | 0.986 | 1.031 | 0.702
 199 | Hardin-Simmons       |   3 | 0.398 | 1.170 | 0.839 | 0.878 | 0.735
 202 | Mount Aloysius       |   3 | 0.395 | 1.064 | 1.024 | 1.079 | 0.669
 203 | Salve Regina         |   3 | 0.394 | 1.030 | 0.981 | 1.038 | 0.680
 204 | CCNY                 |   3 | 0.391 | 1.024 | 0.935 | 0.996 | 0.604
 205 | Austin               |   3 | 0.390 | 0.980 | 0.789 | 0.842 | 0.721
 206 | Texas-Dallas         |   3 | 0.387 | 0.841 | 0.890 | 0.956 | 0.732
 206 | Westminster (PA)     |   3 | 0.387 | 0.992 | 0.825 | 0.886 | 0.707
 208 | Endicott             |   3 | 0.386 | 0.850 | 1.009 | 1.088 | 0.703
 209 | Oberlin              |   3 | 0.385 | 0.930 | 1.203 | 1.300 | 0.687
 210 | Albright             |   3 | 0.382 | 1.033 | 0.978 | 1.066 | 0.686
 211 | Occidental           |   3 | 0.380 | 1.014 | 0.961 | 1.054 | 0.654
 212 | Denison              |   3 | 0.379 | 0.980 | 0.865 | 0.949 | 0.690
 213 | Trine                |   3 | 0.378 | 0.877 | 0.972 | 1.071 | 0.690
 214 | Eastern Nazarene     |   3 | 0.375 | 0.888 | 0.975 | 1.083 | 0.637
 214 | Guilford             |   3 | 0.375 | 1.253 | 0.808 | 0.897 | 0.709
 216 | Louisiana Col.       |   3 | 0.374 | 0.962 | 0.810 | 0.901 | 0.728
 217 | Western New Eng.     |   3 | 0.373 | 0.921 | 1.142 | 1.274 | 0.685
 217 | Rutgers-Camden       |   3 | 0.373 | 0.914 | 0.882 | 0.985 | 0.740
 217 | Mt. St. Joseph       |   3 | 0.373 | 0.948 | 1.223 | 1.364 | 0.726
 220 | Muhlenberg           |   3 | 0.372 | 1.205 | 0.880 | 0.984 | 0.709
 220 | Wis.-Oshkosh         |   3 | 0.372 | 1.023 | 0.967 | 1.082 | 0.731
 222 | Albertus Magnus      |   3 | 0.371 | 0.917 | 1.160 | 1.302 | 0.636
 223 | MCLA                 |   3 | 0.370 | 0.927 | 1.036 | 1.165 | 0.613
 224 | Wittenberg           |   3 | 0.368 | 1.100 | 1.249 | 1.415 | 0.707
 225 | Rutgers-Newark       |   3 | 0.367 | 0.979 | 1.084 | 1.229 | 0.706
 225 | Southern Vt.         |   3 | 0.367 | 0.984 | 1.081 | 1.227 | 0.625
 227 | Roger Williams       |   3 | 0.362 | 0.866 | 0.799 | 0.920 | 0.690
 228 | East Tex. Baptist    |   3 | 0.360 | 1.149 | 0.811 | 0.937 | 0.724
 228 | Skidmore             |   3 | 0.360 | 0.869 | 0.925 | 1.071 | 0.677
 228 | St. John Fisher      |   3 | 0.360 | 0.862 | 0.976 | 1.128 | 0.722
 228 | Hampden-Sydney       |   3 | 0.360 | 1.144 | 0.735 | 0.849 | 0.711
 232 | York (PA)            |   3 | 0.357 | 0.988 | 0.975 | 1.138 | 0.712
 233 | Gust. Adolphus       |   3 | 0.356 | 1.010 | 1.093 | 1.278 | 0.674
 234 | Bethany Lutheran     |   3 | 0.352 | 1.063 | 0.854 | 1.011 | 0.653
 235 | Calvin               |   3 | 0.347 | 0.854 | 0.882 | 1.058 | 0.697
 235 | Muskingum            |   3 | 0.347 | 0.933 | 1.039 | 1.246 | 0.732
 235 | Wheaton (IL)         |   3 | 0.347 | 1.031 | 1.075 | 1.291 | 0.756
 238 | Immaculata           |   3 | 0.343 | 0.913 | 0.853 | 1.036 | 0.655
 238 | Monmouth (IL)        |   3 | 0.343 | 0.848 | 0.815 | 0.989 | 0.661
 240 | Salem St.            |   3 | 0.340 | 0.875 | 0.937 | 1.147 | 0.690
 241 | Howard Payne         |   3 | 0.339 | 1.178 | 0.766 | 0.941 | 0.733
 242 | Curry                |   3 | 0.337 | 0.879 | 0.651 | 0.803 | 0.648
 243 | Vassar               |   3 | 0.335 | 0.962 | 1.148 | 1.426 | 0.689
 243 | Cornell College      |   3 | 0.335 | 1.053 | 1.011 | 1.258 | 0.677
 243 | Wesley               |   3 | 0.335 | 0.894 | 0.912 | 1.131 | 0.717
 246 | Gordon               |   3 | 0.332 | 0.893 | 0.914 | 1.148 | 0.663
 247 | Waynesburg           |   3 | 0.331 | 0.930 | 0.855 | 1.076 | 0.712
 248 | Saint Vincent        |   3 | 0.329 | 0.895 | 0.940 | 1.189 | 0.698
 249 | Hiram                |   3 | 0.328 | 1.043 | 0.891 | 1.130 | 0.734
 250 | DeSales              |   3 | 0.327 | 1.065 | 0.782 | 0.996 | 0.694
 251 | MacMurray            |   3 | 0.326 | 0.913 | 1.260 | 1.610 | 0.638
 252 | Mass. Maritime       |   3 | 0.325 | 0.993 | 0.704 | 0.903 | 0.672
 252 | Neb. Wesleyan        |   3 | 0.325 | 0.974 | 0.904 | 1.157 | 0.889
 254 | Capital              |   3 | 0.323 | 1.050 | 0.841 | 1.083 | 0.720
 255 | Wilkes               |   3 | 0.322 | 1.124 | 0.727 | 0.939 | 0.637
 256 | Baruch               |   3 | 0.321 | 0.996 | 0.875 | 1.134 | 0.663
 256 | Dickinson            |   3 | 0.321 | 0.899 | 0.755 | 0.979 | 0.731
 258 | Penn St.-Altoona     |   3 | 0.320 | 1.162 | 0.916 | 1.193 | 0.664
 259 | Lebanon Valley       |   3 | 0.319 | 1.024 | 1.015 | 1.324 | 0.682
 260 | Carleton             |   3 | 0.318 | 0.922 | 1.143 | 1.494 | 0.712
 260 | Messiah              |   3 | 0.318 | 0.921 | 0.842 | 1.102 | 0.698
 262 | Lasell               |   3 | 0.316 | 0.929 | 0.897 | 1.180 | 0.632
 263 | Benedictine (IL)     |   3 | 0.315 | 0.912 | 0.856 | 1.131 | 0.687
 263 | Geneva               |   3 | 0.315 | 0.996 | 1.084 | 1.432 | 0.677
 263 | Plymouth St.         |   3 | 0.315 | 1.047 | 0.871 | 1.150 | 0.709
 263 | Purchase             |   3 | 0.315 | 0.928 | 0.969 | 1.280 | 0.615
 267 | Whitman              |   3 | 0.314 | 0.968 | 0.795 | 1.053 | 0.729
 268 | Clark (MA)           |   3 | 0.312 | 0.989 | 1.041 | 1.390 | 0.633
 268 | Grinnell             |   3 | 0.312 | 0.957 | 0.895 | 1.194 | 0.682
 270 | Staten Island        |   3 | 0.310 | 0.952 | 0.979 | 1.312 | 0.651
 270 | Loras                |   3 | 0.310 | 1.032 | 0.979 | 1.314 | 0.687
 272 | Wash. & Lee          |   3 | 0.309 | 0.960 | 0.803 | 1.082 | 0.705
 273 | Sewanee              |   3 | 0.308 | 1.008 | 0.788 | 1.067 | 0.730
 273 | Penn St. Harrisburg  |   3 | 0.308 | 0.912 | 0.895 | 1.211 | 0.688
 275 | Grove City           |   3 | 0.305 | 1.126 | 0.752 | 1.026 | 0.700
 276 | Ithaca               |   3 | 0.304 | 0.852 | 0.748 | 1.023 | 0.703
 276 | St. Joseph's (L.I.)  |   3 | 0.304 | 0.917 | 0.769 | 1.054 | 0.632
 278 | Delaware Valley      |   3 | 0.303 | 1.035 | 0.776 | 1.067 | 0.624
 278 | Becker               |   3 | 0.303 | 1.061 | 1.066 | 1.463 | 0.660
 278 | Farmingdale St.      |   3 | 0.303 | 0.884 | 0.939 | 1.289 | 0.669
 278 | Newbury              |   3 | 0.303 | 0.905 | 0.777 | 1.067 | 0.612
 282 | Crown (MN)           |   3 | 0.302 | 1.079 | 0.859 | 1.183 | 0.569
 283 | Bethany (WV)         |   3 | 0.301 | 1.095 | 0.696 | 0.964 | 0.681
 283 | Gwynedd Mercy        |   3 | 0.301 | 1.023 | 0.882 | 1.222 | 0.704
 285 | Central (IA)         |   3 | 0.300 | 0.829 | 0.887 | 1.229 | 0.694
 285 | Dallas               |   3 | 0.300 | 0.916 | 0.855 | 1.187 | 0.715
 285 | Schreiner            |   3 | 0.300 | 1.086 | 0.842 | 1.170 | 0.776
 288 | Scranton             |   3 | 0.298 | 1.150 | 0.961 | 1.342 | 0.687
 289 | Drew                 |   3 | 0.297 | 0.951 | 0.910 | 1.274 | 0.676
 289 | Medaille             |   3 | 0.297 | 0.905 | 0.964 | 1.351 | 0.636
 289 | SUNY Poly            |   3 | 0.297 | 0.997 | 0.991 | 1.388 | 0.658
 289 | N.C. Wesleyan        |   3 | 0.297 | 0.870 | 0.896 | 1.258 | 0.719
 293 | Eastern              |   3 | 0.296 | 1.149 | 0.872 | 1.225 | 0.677
 294 | Centre               |   3 | 0.295 | 0.952 | 0.722 | 1.019 | 0.739
 294 | Minn.-Morris         |   3 | 0.295 | 1.029 | 0.788 | 1.112 | 0.679
 294 | Pacific (OR)         |   3 | 0.295 | 0.900 | 0.894 | 1.260 | 0.743
 294 | Olivet               |   3 | 0.295 | 0.856 | 0.851 | 1.201 | 0.727
 298 | DePauw               |   3 | 0.294 | 1.037 | 0.835 | 1.182 | 0.732
 299 | Husson               |   3 | 0.293 | 0.868 | 0.968 | 1.376 | 0.651
 300 | Mt. St. Vincent      |   3 | 0.292 | 0.904 | 0.909 | 1.295 | 0.602
 301 | Blackburn            |   3 | 0.291 | 0.846 | 0.824 | 1.180 | 0.649
 301 | Ozarks (AR)          |   3 | 0.291 | 1.213 | 0.764 | 1.093 | 0.739
 303 | Houghton             |   3 | 0.289 | 1.052 | 0.871 | 1.254 | 0.691
 304 | Emory & Henry        |   3 | 0.288 | 1.290 | 0.851 | 1.230 | 0.720
 305 | Dominican (IL)       |   3 | 0.285 | 1.037 | 0.859 | 1.254 | 0.664
 306 | Roanoke              |   3 | 0.282 | 1.056 | 0.835 | 1.233 | 0.733
 307 | Suffolk              |   3 | 0.280 | 0.868 | 0.783 | 1.166 | 0.650
 308 | Lewis & Clark        |   3 | 0.279 | 0.935 | 0.829 | 1.237 | 0.750
 309 | Elms                 |   3 | 0.276 | 0.987 | 0.772 | 1.166 | 0.623
 310 | Mt. St. Mary (NY)    |   3 | 0.274 | 1.002 | 0.726 | 1.103 | 0.592
 311 | SUNY Oneonta         |   3 | 0.273 | 0.870 | 0.941 | 1.434 | 0.721
 312 | Penn St.-Abington    |   3 | 0.269 | 0.902 | 0.935 | 1.447 | 0.648
 313 | St. Olaf             |   3 | 0.268 | 1.041 | 0.584 | 0.908 | 0.765
 314 | Rust                 |   3 | 0.266 | 1.112 | 0.655 | 1.024 | 0.569
 315 | Brandeis             |   3 | 0.261 | 0.997 | 0.783 | 1.248 | 0.687
 315 | New England Col.     |   3 | 0.261 | 1.077 | 0.932 | 1.483 | 0.604
 317 | Simpson              |   3 | 0.260 | 0.881 | 0.788 | 1.260 | 0.695
 317 | Ripon                |   3 | 0.260 | 1.029 | 0.847 | 1.355 | 0.661
 317 | Knox                 |   3 | 0.260 | 1.052 | 0.902 | 1.445 | 0.658
 320 | Rivier               |   3 | 0.257 | 0.978 | 0.852 | 1.381 | 0.610
 320 | SUNY New Paltz       |   3 | 0.257 | 1.022 | 0.783 | 1.267 | 0.728
 322 | Lesley               |   3 | 0.254 | 0.934 | 0.745 | 1.221 | 0.655
 322 | Carroll (WI)         |   3 | 0.254 | 1.236 | 0.850 | 1.391 | 0.655
 324 | SUNY Maritime        |   3 | 0.252 | 0.997 | 0.855 | 1.413 | 0.601
 325 | King's (PA)          |   3 | 0.248 | 1.087 | 0.631 | 1.060 | 0.629
 326 | Lakeland             |   3 | 0.244 | 1.004 | 0.743 | 1.268 | 0.648
 327 | Greenville           |   3 | 0.241 | 1.094 | 0.720 | 1.246 | 0.666
 328 | Lehman               |   3 | 0.240 | 1.101 | 0.888 | 1.536 | 0.608
 329 | Hilbert              |   3 | 0.238 | 1.087 | 0.647 | 1.134 | 0.664
 330 | Springfield          |   3 | 0.234 | 0.865 | 0.808 | 1.435 | 0.678
 331 | St. Mary's (MD)      |   3 | 0.233 | 0.878 | 0.807 | 1.439 | 0.730
 332 | Whittier             |   3 | 0.231 | 1.031 | 0.688 | 1.242 | 0.694
 332 | Marian (WI)          |   3 | 0.231 | 1.063 | 0.967 | 1.744 | 0.679
 334 | St. Joseph's (Brkln) |   3 | 0.229 | 0.979 | 0.697 | 1.268 | 0.576
 335 | Pitt.-Bradford       |   3 | 0.228 | 0.936 | 0.917 | 1.673 | 0.684
 336 | Claremont-M-S        |   3 | 0.227 | 1.065 | 0.851 | 1.560 | 0.686
 337 | Principia            |   3 | 0.224 | 0.998 | 0.871 | 1.616 | 0.664
 338 | Wilmington (OH)      |   3 | 0.222 | 0.979 | 0.725 | 1.359 | 0.738
 338 | FDU-Florham          |   3 | 0.222 | 1.001 | 0.754 | 1.417 | 0.676
 340 | Northland            |   3 | 0.220 | 0.919 | 0.880 | 1.667 | 0.627
 341 | Bard                 |   3 | 0.219 | 0.958 | 0.831 | 1.581 | 0.661
 342 | Lancaster Bible      |   3 | 0.217 | 0.985 | 0.908 | 1.739 | 0.612
 343 | John Jay             |   3 | 0.210 | 0.981 | 0.725 | 1.436 | 0.607
 344 | Wis.-Superior        |   3 | 0.207 | 0.965 | 0.621 | 1.249 | 0.771
 345 | Eureka               |   3 | 0.206 | 0.977 | 0.638 | 1.286 | 0.692
 346 | Johnson & Wales (RI) |   3 | 0.204 | 0.881 | 0.753 | 1.535 | 0.647
 347 | Anna Maria           |   3 | 0.203 | 1.055 | 0.619 | 1.267 | 0.622
 348 | Colby-Sawyer         |   3 | 0.201 | 0.953 | 0.748 | 1.551 | 0.641
 349 | Lyndon St.           |   3 | 0.194 | 1.089 | 0.747 | 1.606 | 0.647
 350 | MSOE                 |   3 | 0.191 | 1.020 | 0.749 | 1.635 | 0.695
 351 | Lawrence             |   3 | 0.188 | 0.980 | 0.796 | 1.768 | 0.643
 352 | Martin Luther        |   3 | 0.182 | 1.036 | 0.720 | 1.643 | 0.650
 353 | William Peace        |   3 | 0.180 | 1.004 | 0.647 | 1.492 | 0.718
 354 | Yeshiva              |   3 | 0.150 | 0.982 | 0.581 | 1.614 | 0.593
 355 | Cairn                |   3 | 0.142 | 0.996 | 0.733 | 2.146 | 0.672
 356 | Gallaudet            |   3 | 0.138 | 1.031 | 0.479 | 1.441 | 0.701
 357 | Emerson              |   3 | 0.137 | 0.854 | 0.541 | 1.647 | 0.647
 358 | Caltech              |   3 | 0.104 | 1.076 | 0.450 | 1.810 | 0.688
 359 | Finlandia            |   3 | 0.101 | 0.969 | 0.468 | 1.929 | 0.666
(359 rows)

COPY 301
COPY 261
COPY 359
COMMIT
