 game_id 
---------
 1845793
 2144035
 1944808
 1891117
 2041747
 1939654
 2152613
 2004506
 1990040
 1677196
 1897219
 2141696
 2051110
 1896797
 1987013
 2136353
 2039094
 2064034
 2136473
 2104553
 2144413
 2217053
 1998683
 1684233
 1986314
 1986335
 2152687
 2158234
 2080154
 1724812
 1746932
 2200368
 2108293
 2168033
 1673253
 1673272
 2062717
 2172213
 1938195
 2066455
 2142853
 2173073
 1669032
 1886253
 1891695
 1935958
 2109602
 2010353
 1885953
 1998843
 2029581
 1964813
 2171334
 1612993
 1953261
 2069753
 1894613
 1894449
 2006273
 1830472
 2085371
 2164753
 2164713
 2097173
 1941468
 1860913
 1732032
 2093823
 1726452
 2039865
 2185131
 1936971
 1880813
 1857792
 3246096
 3331949
 3351625
 3289224
 3289225
 3334346
 3381096
 3351232
 3382844
 3336356
 3248813
 3306912
 3367404
 3060656
 3202284
 3202303
 3259130
 3259183
 3077186
 3090293
 3271043
 3353344
 3336375
 3338925
 3291028
 3334375
 3365364
 3336493
 3349425
 3105753
 3249684
 3230389
 3284443
 3123187
 3378804
 3085756
 3083713
 3078434
 3193624
 3029034
 3225309
 3391644
 3208603
 3127543
 3378864
 3378926
 3332523
 2960833
 3823652
 3812130
 3827710
 3819540
 3868731
 3844054
 3851415
 3842727
 3858485
 3857440
 3858314
 3851085
 3827729
 3826438
 3807313
 3851154
 3798835
 3841716
 3858067
 3864470
 3857507
 3864592
 3837534
 3812862
 3835185
 3820428
 3812814
 3867881
 3835816
 3857585
 3821272
 3857566
 3856706
 3801715
 3812442
 3812747
 3811840
 3800398
 3800406
 3857554
 3859026
 3805732
 3805737
 3864074
 3779327
 3790432
 3790433
 2010024
 2041875
 2107893
 1975470
 1830172
 2004753
 1995390
 2143333
 1987068
 2104333
 2143453
 1886646
 2173493
 2141413
 1807112
 2101275
 1809992
 2085494
 2108153
 1849912
 1954393
 1953357
 2005272
 2042640
 1989964
 1674372
 1860677
 2041751
 2193993
 2062832
 1890822
 2141814
 2044233
 1998609
 2002413
 2111353
 2064253
 1981117
 1894448
 2005951
 2038698
 2085495
 2096952
 1941796
 1732152
 2182317
 1894593
 2093833
 1834233
 2102293
 1829352
 1946254
 2089814
 1896433
 3351784
 3307217
 3208003
 3220629
 3307364
 3333904
 3319989
 3336444
 3176507
 3305084
 3334411
 3305373
 3351372
 3322398
 3292633
 3339865
 3193644
 3247743
 3230963
 3048569
 3306393
 3306891
 3081084
 3253897
 3322142
 3367044
 3336486
 3365684
 3367644
 3254050
 3245181
 3105734
 3248457
 3230385
 3243020
 3231443
 3085116
 3246482
 3282198
 3307370
 3320468
 3193646
 3236283
 3376248
 3336606
 3336609
 3181343
 3005914
 3354306
 3245786
 3305932
 3231583
 3231643
 3165224
 3202103
 3249682
 3249566
 3315092
 3315125
 3349409
 3850972
 3799383
 3835932
 3836210
 3865179
 3864381
 3865524
 3849172
 3864601
 3850787
 3857040
 3864639
 3851206
 3841066
 3807327
 3851199
 3819614
 3826986
 3857343
 3849550
 3857452
 3851207
 3870021
 3835323
 3842807
 3825720
 3857579
 3851201
 3826852
 3851153
 3839039
 3867882
 3820240
 3746724
 3746705
 3801714
 3774905
 3821330
 3790725
 3813540
 3828180
 3807097
 3857551
 3841526
 3819375
(328 rows)

